BEGIN_PCM
-228
-319
-357
-421
-493
-567
-627
-677
-694
-768
-886
-1004
-1027
-1023
-1025
-1079
-1157
-1197
-1208
-1126
-1061
-1033
-1053
-1070
-1130
-1072
-914
-858
-876
-928
-1006
-1071
-1088
-1116
-1168
-1232
-1303
-1325
-1302
-1306
-1317
-1268
-1230
-1251
-1260
-1281
-1235
-1225
-1202
-1260
-1301
-1276
-1203
-1181
-1198
-1148
-1111
-1101
-1049
-935
-861
-811
-850
-929
-994
-1036
-997
-912
-877
-861
-830
-817
-725
-579
-490
-477
-461
-396
-337
-248
-127
-9
78
101
40
-33
-85
-67
-26
12
61
38
-11
-58
-33
-10
27
104
174
191
231
224
115
63
71
123
127
122
92
29
-47
-37
-52
-108
-255
-383
-413
-401
-355
-367
-422
-504
-510
-471
-439
-390
-416
-424
-361
-320
-259
-238
-244
-237
-215
-173
-153
-196
-205
-155
-132
-111
-90
-111
-81
-55
-108
-201
-245
-265
-357
-461
-536
-591
-626
-640
-649
-626
-666
-738
-826
-913
-932
-926
-873
-854
-901
-989
-1057
-1112
-1120
-1068
-999
-958
-958
-1019
-1077
-1110
-1091
-1079
-1007
-932
-892
-911
-881
-806
-711
-675
-621
-480
-320
-187
-152
-176
-161
-104
-27
36
39
31
17
68
130
172
217
313
375
404
405
413
523
623
724
737
783
864
940
955
938
824
784
804
837
838
808
822
844
956
1006
936
829
793
749
741
768
783
751
691
631
563
549
564
635
708
639
549
548
550
527
570
567
521
483
452
413
377
411
466
567
610
565
532
525
534
567
600
678
739
712
665
638
598
578
500
441
384
431
473
468
471
514
553
580
546
487
510
515
446
439
446
409
342
307
271
186
141
88
37
4
-24
-76
-144
-184
-210
-270
-379
-473
-553
-617
-675
-727
-748
-762
-815
-833
-791
-748
-722
-749
-736
-758
-810
-820
-785
-755
-787
-866
-911
-957
-929
-843
-746
-671
-670
-646
-580
-502
-400
-338
-296
-327
-282
-244
-235
-147
-110
-99
-108
-129
-138
-113
-78
-26
52
188
297
349
319
295
346
444
531
559
555
593
674
720
771
768
758
748
740
681
628
605
591
570
466
338
259
214
135
91
74
90
59
73
58
18
-49
-60
-67
-48
-52
-93
-156
-186
-177
-233
-314
-312
-333
-366
-345
-306
-272
-304
-353
-396
-390
-426
-444
-443
-464
-503
-505
-466
-547
-602
-579
-579
-512
-464
-435
-444
-443
-449
-500
-537
-605
-694
-766
-831
-888
-995
-1175
-1353
-1470
-1550
-1603
-1704
-1798
-1831
-1828
-1863
-1963
-2064
-2121
-2153
-2142
-2146
-2161
-2132
-2113
-2074
-2038
-2024
-2029
-2031
-2029
-1942
-1836
-1756
-1719
-1684
-1671
-1668
-1594
-1480
-1386
-1361
-1334
-1267
-1213
-1145
-1075
-1042
-977
-962
-943
-931
-862
-740
-672
-641
-656
-749
-858
-921
-871
-742
-665
-685
-692
-741
-729
-627
-568
-545
-542
-507
-358
-180
-68
-33
-77
-95
-38
32
34
20
37
73
104
166
122
66
66
80
55
-26
-70
-98
-119
-184
-297
-417
-560
-642
-659
-611
-584
-563
-604
-654
-738
-851
-929
-968
-971
-1010
-1007
-984
-971
-975
-921
-842
-817
-731
-683
-712
-677
-599
-577
-583
-574
-541
-461
-424
-438
-476
-499
-420
-427
-461
-383
-333
-298
-293
-303
-343
-296
-263
-243
-198
-276
-317
-284
-204
-166
-195
-283
-325
-336
-333
-326
-336
-382
-463
-510
-554
-620
-642
-593
-553
-540
-551
-506
-473
-458
-435
-424
-384
-380
-340
-376
-355
-257
-154
-97
-111
-107
-40
87
114
99
95
82
144
202
279
345
409
432
404
395
414
451
530
632
685
658
639
675
772
840
883
845
821
817
782
784
859
885
898
909
958
1019
1040
1112
1082
1089
1127
1169
1201
1207
1254
1357
1411
1451
1456
1440
1429
1358
1318
1261
1199
1082
974
901
864
850
835
846
885
899
867
797
736
656
544
447
356
273
196
145
126
92
23
-8
-22
-38
-111
-257
-284
-248
-267
-303
-296
-252
-228
-199
-160
-146
-109
-70
-85
-137
-149
-152
-213
-237
-255
-307
-250
-250
-286
-382
-499
-518
-493
-455
-492
-585
-667
-735
-717
-676
-663
-633
-682
-746
-759
-770
-761
-776
-705
-662
-700
-742
-735
-723
-690
-657
-646
-690
-799
-865
-844
-789
-743
-767
-797
-854
-887
-906
-911
-906
-918
-895
-882
-905
-912
-865
-843
-824
-828
-802
-705
-562
-491
-412
-381
-399
-393
-286
-102
3
26
7
-10
102
182
249
325
352
384
411
436
449
471
471
476
484
491
506
550
584
609
649
691
703
620
542
428
341
301
305
357
358
339
284
230
189
150
82
-8
-52
-33
-69
-77
-55
-32
-38
-6
43
86
101
146
109
-5
-83
-102
-86
-77
-28
-29
-157
-251
-291
-267
-234
-280
-354
-435
-482
-512
-509
-508
-479
-470
-517
-635
-741
-875
-963
-974
-926
-830
-827
-839
-820
-801
-737
-760
-767
-794
-837
-825
-820
-899
-1000
-1049
-1063
-1051
-1093
-1100
-1070
-1080
-1117
-1121
-1122
-1201
-1242
-1238
-1175
-1131
-1155
-1180
-1186
-1180
-1192
-1257
-1299
-1256
-1203
-1099
-996
-925
-866
-814
-742
-660
-537
-491
-470
-504
-503
-451
-349
-262
-259
-285
-351
-353
-353
-317
-259
-206
-168
-180
-242
-326
-344
-237
-119
-103
-158
-189
-192
-162
-148
-89
-69
-106
-157
-136
-73
30
103
74
49
79
123
147
172
133
68
-41
-94
-138
-169
-174
-115
-115
-96
-74
-145
-194
-220
-262
-312
-325
-301
-342
-311
-346
-415
-501
-529
-488
-499
-520
-525
-511
-522
-457
-392
-328
-311
-306
-330
-406
-384
-340
-350
-364
-381
-430
-479
-486
-549
-624
-680
-698
-733
-803
-823
-822
-799
-819
-889
-895
-901
-896
-939
-886
-858
-883
-881
-945
-993
-1069
-1072
-1051
-1023
-1000
-954
-924
-970
-1001
-1007
-986
-917
-827
-720
-661
-626
-623
-589
-528
-465
-405
-372
-394
-405
-380
-368
-332
-339
-290
-258
-282
-315
-304
-243
-142
-53
36
166
241
276
318
362
458
518
590
629
654
698
755
766
772
812
808
814
806
782
721
700
722
755
769
785
785
779
794
814
879
948
993
996
864
775
756
727
726
769
749
688
684
596
466
391
286
141
108
111
70
60
63
37
6
-42
-56
-73
-143
-172
-246
-330
-383
-383
-387
-445
-427
-429
-395
-402
-486
-531
-487
-444
-484
-507
-508
-537
-606
-641
-708
-840
-889
-947
-1017
-1057
-1070
-1073
-1121
-1128
-1133
-1071
-1077
-1109
-1117
-1127
-1108
-1102
-1084
-1080
-1058
-1041
-1011
-977
-980
-1030
-1058
-1075
-1062
-1072
-1091
-1166
-1264
-1270
-1195
-1091
-1016
-977
-1025
-1101
-1115
-1005
-916
-887
-925
-1005
-1020
-958
-825
-695
-575
-506
-517
-504
-464
-383
-321
-264
-197
-197
-179
-122
-22
53
121
153
181
210
263
357
439
503
551
532
528
603
688
682
698
682
649
626
669
698
655
639
663
763
829
886
854
843
818
828
843
928
995
981
912
783
698
619
570
577
574
556
565
556
548
553
606
575
494
401
280
228
244
302
342
360
410
413
408
324
138
35
-13
-94
-146
-108
-57
13
40
-40
-161
-206
-230
-326
-394
-382
-373
-337
-304
-383
-557
-708
-803
-898
-994
-1059
-1193
-1284
-1294
-1323
-1444
-1591
-1644
-1638
-1623
-1609
-1645
-1767
-1974
-2125
-2158
-2183
-2190
-2248
-2319
-2362
-2328
-2308
-2286
-2278
-2230
-2185
-2177
-2141
-2131
-2067
-2041
-2006
-1998
-1966
-1940
-1889
-1759
-1642
-1557
-1550
-1612
-1631
-1604
-1541
-1389
-1252
-1212
-1202
-1150
-1091
-1061
-1016
-907
-852
-820
-755
-706
-603
-509
-441
-403
-413
-451
-462
-441
-429
-385
-319
-257
-174
-98
-90
-65
6
79
128
155
148
194
267
290
248
179
151
225
323
372
344
306
319
381
373
376
451
534
551
549
497
426
356
302
212
102
68
47
56
57
47
45
6
-45
-78
-81
-70
-116
-96
-88
-63
-49
-36
12
43
109
160
164
185
169
206
212
225
233
231
238
109
12
22
-16
-102
-175
-225
-262
-243
-252
-283
-299
-319
-435
-519
-520
-513
-436
-425
-479
-556
-580
-525
-458
-482
-467
-477
-512
-591
-674
-719
-733
-732
-767
-824
-851
-814
-730
-678
-664
-653
-716
-783
-761
-638
-564
-549
-567
-609
-617
-593
-525
-481
-471
-470
-433
-410
-376
-342
-374
-360
-270
-163
-114
-48
-23
49
187
320
387
421
431
413
418
436
417
374
340
335
321
319
319
314
348
350
316
220
156
127
129
144
154
164
168
194
185
215
188
116
84
80
55
-14
-61
-44
-16
-90
-108
-112
-94
-10
27
-55
-106
-161
-275
-375
-423
-467
-479
-510
-565
-579
-572
-523
-568
-671
-728
-710
-735
-710
-701
-698
-718
-787
-827
-742
-708
-716
-644
-609
-611
-567
-494
-519
-565
-521
-514
-517
-600
-664
-665
-702
-720
-668
-628
-663
-693
-677
-675
-703
-739
-751
-749
-728
-736
-768
-779
-740
-759
-774
-734
-741
-798
-873
-860
-822
-831
-817
-849
-875
-904
-930
-878
-757
-630
-571
-562
-484
-365
-254
-167
-58
65
124
124
139
183
194
235
304
309
307
296
326
335
326
370
438
509
542
515
503
562
693
728
738
750
751
626
513
428
453
559
566
533
495
546
586
600
604
539
416
387
356
331
347
417
457
482
428
370
306
318
434
496
427
302
184
71
-53
-117
-121
-115
-84
-18
-29
-145
-235
-240
-114
-10
61
23
-10
-27
-19
-5
-19
-21
-84
-147
-123
-139
-228
-316
-349
-365
-460
-551
-526
-512
-555
-652
-800
-927
-984
-1013
-1089
-1192
-1300
-1340
-1334
-1303
-1330
-1377
-1447
-1400
-1352
-1392
-1432
-1468
-1434
-1296
-1241
-1238
-1230
-1198
-1220
-1307
-1387
-1431
-1393
-1370
-1359
-1390
-1427
-1430
-1432
-1467
-1487
-1496
-1419
-1331
-1315
-1323
-1338
-1337
-1341
-1297
-1191
-1074
-1033
-1037
-1114
-1160
-1055
-888
-764
-750
-791
-821
-776
-700
-645
-610
-577
-521
-424
-365
-312
-322
-295
-275
-219
-155
-82
-38
-13
-3
23
150
242
277
308
266
177
172
140
70
36
26
57
100
117
124
197
238
231
157
78
88
193
245
189
174
212
253
297
336
357
387
396
336
312
290
189
134
153
218
206
186
148
151
195
183
138
107
92
113
104
127
127
129
118
183
263
268
295
397
551
622
616
613
656
657
631
623
601
629
649
660
589
448
315
274
304
339
388
341
318
298
236
179
91
66
58
41
-16
-55
-53
-93
-219
-358
-479
-557
-628
-661
-706
-675
-629
-610
-575
-496
-469
-501
-534
-531
-480
-426
-383
-372
-407
-495
-479
-381
-297
-227
-231
-317
-345
-301
-182
-68
11
26
13
25
72
90
105
113
137
174
155
158
247
325
352
356
367
369
341
324
321
285
291
292
295
256
220
216
217
239
205
137
119
139
169
172
90
51
82
108
158
147
15
-74
-176
-260
-341
-412
-382
-315
-280
-247
-222
-275
-355
-404
-433
-446
-465
-471
-557
-682
-758
-738
-654
-593
-513
-485
-550
-638
-623
-625
-646
-691
-771
-790
-841
-798
-729
-746
-814
-897
-1017
-1065
-1069
-1072
-1067
-1078
-1108
-1160
-1172
-1220
-1258
-1285
-1303
-1341
-1375
-1400
-1415
-1433
-1415
-1357
-1304
-1284
-1324
-1327
-1294
-1248
-1241
-1187
-1135
-1114
-1114
-1157
-1170
-1178
-1177
-1147
-1145
-1164
-1230
-1248
-1239
-1213
-1175
-1166
-1154
-1094
-1058
-1059
-1033
-1010
-979
-880
-767
-679
-642
-614
-645
-642
-649
-621
-565
-523
-459
-416
-406
-354
-311
-293
-240
-172
-36
58
95
184
247
309
351
336
324
397
445
440
395
363
438
539
675
656
511
363
342
440
511
571
641
679
720
806
874
904
859
808
811
824
825
759
692
646
612
575
593
621
626
592
539
476
398
330
315
356
409
445
430
350
211
140
89
27
-44
-105
-98
-101
-126
-185
-212
-141
-149
-219
-342
-450
-511
-483
-487
-535
-636
-720
-857
-999
-1112
-1174
-1213
-1213
-1284
-1415
-1522
-1565
-1593
-1660
-1732
-1780
-1829
-1876
-1934
-1905
-1861
-1853
-1887
-1914
-1907
-1911
-1854
-1865
-1920
-1944
-1921
-1851
-1826
-1837
-1855
-1913
-2005
-2032
-1962
-1815
-1677
-1595
-1605
-1641
-1656
-1543
-1452
-1379
-1287
-1193
-1109
-1050
-1063
-1057
-1022
-922
-807
-670
-570
-581
-612
-607
-538
-422
-305
-241
-217
-227
-189
-110
-118
-186
-223
-229
-187
-151
-162
-188
-198
-202
-191
-152
-119
-144
-217
-230
-270
-260
-242
-210
-103
-113
-174
-260
-322
-316
-263
-219
-260
-313
-334
-302
-307
-311
-301
-293
-310
-364
-390
-348
-322
-361
-363
-306
-269
-294
-318
-384
-485
-440
-359
-335
-310
-313
-286
-236
-224
-245
-208
-217
-276
-273
-302
-314
-304
-239
-214
-285
-334
-331
-250
-213
-221
-233
-245
-244
-311
-346
-325
-325
-293
-299
-287
-352
-471
-518
-529
-539
-558
-562
-601
-671
-740
-757
-746
-702
-661
-614
-666
-712
-726
-715
-678
-624
-576
-546
-513
-544
-618
-657
-633
-633
-629
-659
-677
-629
-615
-621
-659
-673
-657
-593
-507
-398
-338
-322
-340
-350
-398
-399
-348
-248
-161
-155
-173
-118
-120
-96
-41
-29
11
-17
-18
28
71
77
98
135
171
200
195
220
265
291
270
195
188
204
172
160
154
175
197
229
327
460
569
647
630
521
387
288
261
254
228
131
-21
-167
-253
-257
-140
10
129
175
202
253
283
267
249
257
315
306
211
164
61
-99
-218
-246
-277
-269
-221
-227
-241
-236
-223
-129
-33
41
58
65
29
-11
-3
-20
-104
-184
-187
-156
-158
-228
-348
-490
-547
-552
-546
-590
-703
-767
-809
-784
-696
-648
-631
-655
-706
-759
-783
-844
-887
-918
-961
-980
-977
-954
-959
-924
-918
-924
-945
-906
-928
-918
-875
-900
-916
-868
-777
-647
-566
-508
-461
-438
-335
-295
-255
-252
-242
-187
-100
-24
65
150
206
246
311
409
464
447
338
267
200
193
275
360
456
522
554
568
589
575
572
634
703
767
797
777
811
829
812
751
693
673
727
758
784
748
722
742
764
734
752
776
783
800
834
823
790
711
596
467
390
294
194
51
-61
-147
-223
-265
-287
-307
-375
-336
-344
-377
-398
-406
-386
-350
-271
-179
-138
-51
-1
0
33
51
41
96
83
42
-70
-262
-484
-626
-698
-756
-786
-813
-891
-1007
-1066
-1026
-928
-881
-902
-918
-981
-1023
-1064
-1082
-1020
-982
-1048
-1128
-1137
-1141
-1188
-1224
-1237
-1251
-1361
-1446
-1492
-1462
-1420
-1452
-1500
-1554
-1568
-1554
-1523
-1505
-1512
-1525
-1467
-1369
-1276
-1200
-1178
-1164
-1146
-1157
-1138
-1081
-1017
-992
-1049
-1099
-1125
-1098
-1073
-1021
-944
-851
-759
-664
-602
-525
-447
-361
-262
-202
-161
-90
-26
-17
36
51
49
61
20
14
-23
-86
-83
-4
71
65
16
48
166
240
219
196
210
179
124
125
173
180
108
19
-57
-57
-32
-41
-101
-131
-157
-158
-139
-173
-221
-325
-350
-273
-180
-102
-88
-93
-130
-264
-280
-273
-295
-314
-282
-261
-225
-231
-231
-249
-246
-201
-134
-90
-118
-92
-22
60
106
2
-107
-156
-192
-284
-342
-367
-361
-349
-424
-509
-597
-658
-640
-582
-571
-554
-565
-525
-555
-628
-679
-647
-652
-686
-713
-770
-767
-748
-743
-741
-758
-885
-987
-1001
-977
-961
-999
-1026
-1019
-1025
-947
-888
-812
-721
-686
-684
-732
-725
-672
-583
-494
-466
-473
-476
-426
-342
-310
-293
-277
-231
-177
-55
68
146
162
150
146
140
183
216
236
281
258
218
214
202
251
390
455
372
272
245
178
146
95
113
161
210
217
238
278
312
346
383
341
214
51
-109
-97
-31
-24
-40
-49
-9
69
91
16
-34
-23
-18
80
94
33
-24
-39
-23
24
79
101
95
188
337
363
342
309
250
303
356
413
460
412
358
259
192
241
186
87
1
-34
-102
-103
-85
-161
-258
-288
-236
-278
-388
-467
-445
-473
-584
-627
-577
-628
-680
-750
-777
-853
-937
-954
-939
-946
-926
-881
-862
-866
-881
-883
-875
-807
-817
-843
-834
-788
-739
-745
-754
-743
-675
-599
-527
-476
-413
-273
-207
-215
-213
-173
-99
-13
25
12
-41
-119
-139
-121
-66
26
45
60
93
97
112
157
242
331
378
383
415
489
572
637
633
579
454
354
329
326
242
158
68
29
23
91
159
236
255
211
204
231
257
335
355
321
289
261
234
169
85
-2
8
130
242
203
109
11
-44
-87
-183
-236
-242
-295
-322
-354
-377
-448
-572
-641
-691
-707
-769
-897
-1000
-1059
-1005
-993
-991
-965
-1020
-1066
-1089
-1084
-1023
-1007
-980
-962
-977
-976
-1036
-1094
-1134
-1175
-1166
-1141
-1068
-972
-930
-929
-972
-1012
-1044
-1041
-1102
-1186
-1239
-1218
-1156
-1108
-1084
-1117
-1192
-1200
-1217
-1277
-1255
-1172
-1113
-1170
-1230
-1269
-1296
-1271
-1267
-1285
-1288
-1271
-1247
-1211
-1227
-1265
-1293
-1301
-1261
-1206
-1184
-1214
-1255
-1292
-1252
-1139
-1048
-1010
-926
-869
-836
-808
-770
-712
-636
-581
-523
-483
-404
-295
-203
-157
-96
-35
-37
-61
-25
31
155
307
342
312
267
270
364
482
510
477
418
362
353
272
170
79
17
-36
-2
35
40
43
85
58
35
93
168
172
133
94
-5
-56
-71
-137
-301
-428
-464
-522
-525
-589
-665
-690
-671
-693
-719
-726
-758
-772
-805
-804
-763
-705
-730
-771
-807
-848
-861
-789
-788
-803
-805
-793
-751
-751
-753
-749
-686
-666
-702
-693
-665
-586
-514
-507
-530
-584
-639
-574
-536
-477
-440
-447
-560
-713
-816
-834
-837
-825
-816
-836
-799
-671
-641
-668
-681
-621
-573
-590
-613
-695
-718
-670
-612
-610
-640
-677
-726
-748
-719
-750
-773
-773
-739
-668
-633
-591
-538
-525
-556
-520
-513
-400
-280
-188
-115
-61
22
86
79
81
145
244
348
403
431
445
504
527
535
497
537
547
544
474
443
467
526
531
484
457
419
426
461
551
617
632
613
603
579
561
589
604
604
489
359
297
365
394
358
364
358
345
342
260
153
137
199
235
329
375
276
224
170
189
180
111
63
-4
1
34
14
8
-29
-32
16
-21
29
85
116
162
138
121
81
95
106
4
-90
-132
-248
-326
-369
-340
-362
-393
-426
-484
-525
-515
-479
-469
-448
-434
-452
-486
-514
-595
-687
-699
-621
-600
-600
-620
-700
-796
-832
-807
-757
-691
-733
-786
-880
-860
-788
-735
-687
-719
-737
-775
-785
-840
-817
-765
-702
-742
-877
-941
-968
-942
-956
-922
-892
-877
-813
-797
-834
-862
-831
-769
-711
-620
-550
-530
-575
-591
-540
-421
-286
-209
-110
-78
-34
-9
62
190
263
292
316
379
410
390
351
354
387
346
373
405
396
410
399
361
302
313
314
303
318
256
207
174
163
167
176
207
175
161
121
106
56
37
28
-42
-86
-91
-75
-158
-198
-221
-262
-251
-211
-230
-296
-358
-394
-443
-431
-371
-371
-328
-336
-439
-508
-534
-518
-520
-476
-461
-410
-301
-245
-281
-372
-389
-384
-414
-484
-567
-720
-911
-941
-914
-994
-1092
-1147
-1197
-1228
-1181
-1178
-1257
-1365
-1461
-1483
-1457
-1433
-1452
-1476
-1505
-1478
-1504
-1518
-1534
-1543
-1577
-1572
-1470
-1331
-1261
-1283
-1310
-1339
-1328
-1276
-1264
-1243
-1186
-1123
-1130
-1122
-1113
-1147
-1176
-1169
-1162
-1139
-1072
-1040
-1038
-1034
-1015
-966
-856
-724
-560
-493
-425
-361
-316
-347
-364
-358
-273
-167
-25
58
42
-32
-13
77
172
232
216
136
76
74
80
44
6
-57
-97
-171
-242
-339
-386
-353
-281
-226
-212
-197
-204
-238
-271
-301
-326
-322
-341
-421
-564
-667
-709
-676
-702
-673
-554
-469
-443
-543
-643
-663
-610
-523
-465
-421
-429
-420
-343
-287
-277
-278
-210
-199
-228
-257
-297
-294
-203
-112
-80
-63
-52
-9
103
155
164
181
115
-3
-20
-57
-106
-123
-102
-102
-141
-216
-332
-384
-272
-175
-157
-150
-144
-117
-78
15
77
149
133
86
26
-21
-72
-96
-69
-45
-19
-75
-97
-136
-181
-252
-335
-341
-338
-390
-464
-456
-448
-491
-591
-625
-631
-599
-560
-494
-459
-453
-477
-526
-456
-376
-376
-371
-375
-409
-423
-426
-354
-263
-148
-97
-100
-36
15
54
73
105
114
154
193
145
45
-71
-119
-134
-143
-40
15
-47
-100
-77
21
130
176
94
33
74
151
156
181
167
135
88
54
100
142
182
186
217
209
152
107
138
258
318
324
235
240
328
348
258
123
128
70
-51
-140
-169
-159
-176
-209
-224
-202
-214
-231
-285
-301
-295
-327
-335
-307
-327
-279
-248
-263
-208
-197
-274
-374
-405
-350
-286
-246
-261
-319
-402
-430
-396
-389
-460
-536
-579
-610
-641
-647
-623
-556
-520
-583
-704
-819
-858
-868
-859
-862
-836
-836
-891
-958
-954
-960
-950
-892
-813
-797
-834
-899
-932
-837
-730
-598
-515
-476
-395
-331
-351
-398
-356
-236
-36
85
65
68
109
172
305
397
406
303
203
171
276
348
336
282
256
264
349
414
462
488
458
440
408
363
402
549
684
753
815
849
858
899
976
1063
1118
1084
980
841
735
641
608
600
604
567
510
441
370
258
139
67
43
4
-18
-96
-137
-148
-204
-267
-321
-363
-392
-467
-571
-638
-645
-587
-567
-515
-481
-505
-519
-521
-537
-632
-775
-795
-739
-685
-676
-674
-630
-685
-817
-816
-734
-691
-622
-628
-653
-658
-652
-676
-659
-665
-718
-731
-743
-804
-867
-941
-1022
-1087
-1152
-1148
-1126
-1154
-1170
-1236
-1318
-1387
-1429
-1463
-1506
-1497
-1535
-1581
-1587
-1567
-1567
-1587
-1506
-1411
-1433
-1491
-1543
-1524
-1537
-1537
-1522
-1494
-1396
-1324
-1270
-1264
-1286
-1240
-1156
-1077
-981
-883
-818
-774
-777
-758
-741
-723
-804
-875
-857
-780
-675
-582
-537
-538
-532
-478
-389
-289
-229
-213
-245
-246
-192
-182
-147
-67
-37
-53
-31
-72
-80
28
140
140
58
-26
-29
28
49
75
176
297
397
444
410
351
279
224
150
58
-87
-208
-304
-404
-444
-478
-461
-520
-639
-800
-799
-790
-770
-832
-979
-1108
-1171
-1213
-1246
-1236
-1202
-1218
-1163
-1084
-1016
-967
-974
-924
-889
-859
-893
-926
-942
-902
-818
-756
-723
-750
-773
-797
-908
-956
-944
-935
-991
-1099
-1190
-1280
-1301
-1292
-1378
-1415
-1424
-1403
-1409
-1499
-1586
-1613
-1504
-1351
-1275
-1286
-1282
-1312
-1308
-1192
-1115
-1109
-1101
-1110
-1101
-1092
-1070
-1015
-944
-880
-852
-862
-866
-891
-906
-862
-789
-639
-560
-567
-588
-623
-626
-604
-517
-435
-391
-348
-303
-240
-184
-162
-114
-89
-83
-65
-19
70
197
303
343
364
307
262
245
310
438
563
654
675
656
673
736
752
729
725
731
780
842
929
895
813
782
754
748
736
750
737
737
761
833
845
722
644
603
608
602
639
592
472
490
469
393
390
450
365
280
202
91
59
48
22
7
-64
-175
-329
-438
-516
-478
-422
-391
-360
-349
-361
-435
-437
-419
-336
-258
-236
-286
-335
-386
-338
-272
-247
-292
-390
-468
-440
-401
-412
-373
-410
-443
-461
-388
-348
-399
-448
-461
-422
-422
-392
-411
-446
-444
-439
-498
-526
-592
-662
-645
-591
-584
-623
-643
-648
-679
-702
-726
-763
-746
-730
-688
-670
-590
-513
-482
-460
-456
-526
-633
-655
-606
-521
-486
-429
-352
-304
-238
-168
-84
-26
-48
-52
48
179
285
332
355
386
418
457
453
410
381
354
387
445
505
482
365
277
281
289
323
329
274
191
146
68
36
32
-28
-140
-258
-262
-201
-149
-150
-125
-116
-97
-136
-201
-279
-306
-324
-366
-377
-367
-507
-633
-722
-759
-669
-543
-480
-481
-504
-616
-715
-724
-642
-602
-622
-626
-619
-705
-752
-722
-637
-571
-568
-551
-585
-559
-555
-588
-601
-664
-705
-742
-843
-982
-1060
-1106
-1183
-1304
-1344
-1354
-1360
-1379
-1429
-1450
-1516
-1557
-1581
-1624
-1646
-1699
-1755
-1822
-1894
-1923
-1980
-1994
-2019
-2009
-1977
-1920
-1848
-1826
-1845
-1848
-1841
-1787
-1695
-1617
-1545
-1533
-1516
-1526
-1563
-1548
-1533
-1483
-1411
-1343
-1264
-1177
-1116
-1078
-1051
-977
-864
-714
-622
-564
-537
-527
-478
-404
-316
-265
-214
-182
-125
1
98
203
287
311
375
447
557
613
591
508
484
506
577
541
468
400
310
284
277
300
328
317
306
301
302
250
235
269
263
214
173
215
191
160
52
-70
-160
-192
-215
-298
-387
-403
-421
-408
-408
-440
-477
-534
-536
-551
-579
-592
-497
-464
-439
-439
-497
-493
-449
-295
-140
-89
-124
-114
-69
21
84
115
112
102
100
27
-48
-140
-244
-255
-283
-394
-563
-696
-734
-684
-534
-456
-472
-529
-588
-624
-643
-693
-725
-763
-749
-734
-773
-867
-947
-988
-1025
-1063
-1074
-990
-872
-806
-785
-770
-765
-730
-716
-726
-717
-672
-629
-572
-573
-587
-557
-504
-441
-388
-404
-409
-358
-251
-169
-113
-125
-109
-40
75
188
209
185
155
76
117
212
290
371
408
441
522
570
644
716
775
862
951
1021
1071
1086
1103
1112
1060
1013
983
1044
1109
1141
1110
1078
1065
1065
1049
998
942
910
877
848
825
771
733
764
775
756
702
671
653
642
625
608
583
561
570
547
467
381
328
254
145
69
6
18
53
117
111
57
-66
-170
-156
-121
-151
-160
-139
-123
-120
-141
-181
-259
-305
-362
-350
-373
-459
-590
-712
-854
-945
-959
-943
-926
-919
-918
-960
-999
-1043
-1038
-1011
-1033
-1146
-1265
-1352
-1426
-1394
-1368
-1400
-1412
-1425
-1391
-1367
-1368
-1421
-1433
-1436
-1465
-1451
-1393
-1372
-1376
-1389
-1394
-1394
-1410
-1458
-1537
-1546
-1484
-1439
-1418
-1425
-1378
-1274
-1131
-1017
-975
-916
-789
-704
-659
-584
-556
-487
-354
-263
-224
-276
-313
-251
-118
49
124
105
82
156
257
305
359
351
346
350
332
320
296
297
292
290
256
224
231
271
285
280
290
340
410
419
445
415
398
409
360
297
203
93
9
-48
-192
-309
-382
-399
-441
-472
-562
-624
-679
-699
-730
-793
-848
-930
-966
-1010
-1006
-1000
-1015
-1014
-983
-1055
-1140
-1229
-1278
-1236
-1217
-1168
-1155
-1105
-1116
-1160
-1132
-1103
-1076
-1107
-1175
-1202
-1142
-1127
-1084
-1053
-1001
-930
-938
-1011
-1134
-1279
-1364
-1370
-1361
-1359
-1336
-1339
-1368
-1399
-1445
-1449
-1454
-1422
-1408
-1393
-1421
-1488
-1554
-1596
-1579
-1538
-1469
-1471
-1486
-1510
-1455
-1403
-1332
-1272
-1241
-1195
-1168
-1145
-1123
-1095
-1043
-999
-912
-835
-819
-765
-709
-620
-508
-463
-446
-424
-386
-344
-331
-301
-218
-171
-170
-230
-271
-242
-163
-85
-82
-128
-92
13
110
178
187
108
136
210
311
426
501
504
415
346
355
467
574
553
462
372
337
364
404
401
356
285
286
385
388
260
210
170
131
74
-12
-71
-147
-185
-180
-226
-279
-323
-366
-366
-388
-382
-434
-518
-538
-538
-566
-594
-629
-671
-650
-618
-605
-660
-674
-669
-653
-590
-612
-597
-522
-497
-486
-485
-563
-666
-716
-739
-695
-669
-629
-566
-581
-658
-709
-660
-598
-608
-692
-711
-699
-664
-709
-755
-786
-840
-857
-776
-685
-618
-641
-651
-619
-641
-697
-728
-780
-834
-921
-1013
-1005
-966
-926
-1013
-1111
-1164
-1147
-1096
-1011
-937
-933
-912
-869
-787
-692
-583
-545
-568
-591
-578
-485
-386
-306
-154
-144
-161
-211
-199
-92
107
267
373
392
398
477
539
656
760
908
1020
1060
1057
1002
957
859
778
807
877
966
991
1054
1065
1071
1015
971
912
831
813
792
829
831
763
635
496
347
211
130
104
104
73
1
-71
-70
-120
-140
-150
-121
-115
-160
-137
-163
-135
-141
-73
-85
-103
-85
-112
-198
-203
-159
-43
171
257
219
96
84
230
368
506
500
370
268
148
88
87
97
88
34
-134
-274
-288
-287
-275
-359
-407
-437
-498
-624
-701
-750
-859
-984
-1038
-1079
-1113
-1173
-1196
-1318
-1371
-1349
-1274
-1257
-1277
-1331
-1420
-1413
-1309
-1237
-1235
-1223
-1179
-1086
-950
-874
-809
-839
-921
-980
-880
-697
-549
-481
-464
-483
-434
-391
-351
-276
-215
-170
-208
-199
-171
-130
-96
-13
65
107
123
180
265
360
449
508
547
647
722
749
758
754
770
831
941
1011
1013
972
861
710
588
509
515
525
462
422
427
402
411
429
418
413
439
383
308
271
236
177
152
80
-42
-123
-190
-246
-282
-291
-283
-279
-330
-414
-505
-559
-639
-626
-658
-718
-758
-772
-816
-896
-911
-869
-847
-853
-824
-796
-766
-773
-807
-816
-787
-745
-705
-703
-761
-733
-703
-712
-755
-865
-956
-988
-1039
-1101
-1106
-1104
-1114
-1194
-1283
-1329
-1383
-1407
-1358
-1326
-1320
-1280
-1333
-1372
-1338
-1307
-1273
-1258
-1292
-1337
-1369
-1376
-1415
-1448
-1413
-1390
-1359
-1297
-1259
-1238
-1249
-1288
-1284
-1253
-1198
-1157
-1229
-1304
-1326
-1284
-1222
-1223
-1276
-1309
-1351
-1346
-1257
-1197
-1127
-1073
-1068
-1095
-1112
-1083
-1093
-1054
-1012
-918
-807
-713
-606
-549
-551
-517
-455
-389
-310
-184
-107
-58
-37
15
34
19
112
180
238
301
355
360
371
398
467
547
590
629
674
737
789
863
880
927
1008
1018
981
927
913
968
969
895
765
560
355
256
241
229
217
145
52
-24
-53
-115
-200
-263
-379
-440
-529
-525
-577
-661
-682
-643
-534
-439
-403
-466
-457
-380
-313
-240
-161
-134
-201
-282
-325
-355
-420
-522
-572
-647
-697
-695
-664
-623
-586
-614
-698
-734
-778
-770
-712
-710
-753
-822
-928
-1013
-1051
-929
-819
-859
-946
-1019
-1012
-987
-921
-886
-914
-965
-977
-925
-849
-747
-714
-711
-782
-856
-818
-708
-585
-492
-553
-650
-678
-590
-458
-377
-321
-332
-383
-363
-251
-83
47
173
204
227
246
300
349
423
412
347
279
232
285
381
413
364
310
293
360
377
401
431
523
509
434
415
375
368
346
330
300
316
384
452
500
399
315
325
385
396
360
328
345
393
379
359
293
212
139
38
-14
23
139
253
304
214
103
56
-25
-98
-96
-113
-132
-182
-158
-92
-82
-71
-114
-196
-213
-153
-68
8
79
117
152
159
108
101
144
217
296
341
257
78
-12
-83
-125
-124
-164
-258
-354
-453
-565
-640
-683
-786
-906
-942
-977
-1000
-1005
-993
-1003
-1030
-1135
-1244
-1301
-1276
-1243
-1229
-1208
-1258
-1281
-1259
-1197
-1140
-1107
-1136
-1180
-1167
-1121
-1047
-964
-894
-875
-882
-873
-836
-823
-796
-783
-730
-638
-556
-519
-542
-575
-566
-510
-404
-286
-209
-270
-370
-402
-336
-218
-122
-147
-196
-197
-185
-91
65
189
211
233
241
260
285
327
310
268
253
279
296
279
249
195
91
17
11
27
65
120
110
106
111
191
317
354
333
170
-71
-219
-326
-392
-504
-616
-736
-816
-842
-940
-964
-987
-1006
-1058
-1072
-1061
-1027
-998
-997
-1011
-1051
-1043
-1046
-1075
-1087
-1005
-939
-955
-936
-850
-760
-678
-583
-512
-453
-408
-412
-512
-584
-582
-642
-739
-791
-840
-933
-1009
-1076
-1190
-1274
-1425
-1614
-1783
-1876
-1931
-2015
-2066
-2124
-2131
-2101
-2045
-1992
-2007
-2023
-2039
-2067
-2104
-2084
-2020
-1978
-1969
-1949
-1883
-1812
-1723
-1653
-1626
-1609
-1575
-1546
-1516
-1483
-1375
-1290
-1262
-1215
-1194
-1185
-1164
-1115
-1065
-935
-843
-823
-814
-762
-686
-579
-559
-508
-482
-474
-380
-262
-203
-161
-132
-74
-44
-63
-122
-98
-17
6
22
-13
44
142
222
318
356
342
356
395
469
503
476
452
413
407
373
289
251
276
303
315
304
232
140
34
2
-9
-72
-190
-278
-310
-267
-160
-143
-202
-324
-493
-575
-589
-608
-633
-629
-717
-800
-810
-787
-641
-563
-547
-620
-666
-675
-743
-727
-662
-665
-675
-693
-686
-607
-553
-506
-465
-371
-299
-295
-316
-319
-278
-268
-323
-381
-360
-312
-297
-269
-250
-206
-183
-136
-93
-70
-62
-48
1
-14
-41
-118
-172
-176
-198
-218
-242
-212
-141
-127
-123
-115
-138
-153
-127
-37
47
85
123
112
89
84
105
172
153
123
132
197
317
310
220
133
37
-37
-94
-84
-63
-38
-51
-108
-186
-217
-167
-112
-127
-148
-216
-197
-153
-146
-147
-127
-36
34
92
126
177
226
253
246
241
284
277
311
308
316
325
384
465
476
439
383
315
265
226
205
217
159
50
-13
-75
-114
-157
-300
-358
-386
-332
-254
-199
-112
-63
-57
-115
-157
-202
-290
-367
-406
-417
-418
-446
-488
-511
-450
-395
-396
-428
-429
-448
-481
-500
-404
-308
-205
-114
-82
-88
-146
-161
-161
-148
-134
-140
-116
-158
-278
-386
-497
-582
-629
-595
-591
-642
-680
-692
-744
-761
-693
-704
-735
-792
-852
-943
-943
-951
-1041
-1092
-1045
-1036
-994
-985
-961
-941
-912
-872
-828
-855
-926
-1005
-1029
-953
-860
-813
-801
-748
-700
-675
-654
-634
-632
-598
-550
-474
-364
-246
-90
17
71
109
122
198
254
255
225
224
293
379
483
524
545
497
506
522
525
492
436
395
333
260
224
259
331
402
404
355
230
174
180
225
297
388
407
404
339
300
291
268
207
170
101
36
27
5
-44
-155
-245
-301
-321
-328
-346
-401
-469
-520
-597
-621
-671
-700
-684
-695
-718
-732
-739
-788
-823
-848
-851
-817
-807
-760
-701
-646
-617
-535
-422
-352
-314
-334
-385
-338
-291
-235
-243
-231
-226
-229
-250
-213
-221
-271
-317
-406
-465
-528
-596
-677
-765
-717
-626
-564
-547
-634
-669
-713
-656
-654
-672
-759
-860
-900
-952
-986
-1020
-965
-933
-955
-981
-1039
-1095
-1100
-1089
-1056
-1050
-1066
-1025
-980
-969
-1022
-1138
-1149
-1150
-1095
-1049
-1026
-997
-966
-931
-867
-756
-752
-735
-664
-540
-449
-348
-275
-233
-180
-128
-104
-25
50
92
128
120
112
88
40
65
173
261
317
378
339
291
259
210
194
193
204
158
72
-1
-60
-81
-60
-104
-98
-110
-79
-79
-114
-197
-276
-259
-353
-455
-505
-561
-623
-638
-715
-822
-891
-993
-1066
-1108
-1133
-1124
-1060
-1093
-1146
-1150
-1190
-1160
-1142
-1131
-1101
-1064
-1039
-1025
-1006
-959
-885
-861
-890
-911
-880
-827
-773
-746
-787
-851
-896
-873
-827
-819
-876
-879
-849
-888
-908
-989
-1066
-1074
-1041
-993
-953
-958
-940
-890
-901
-955
-973
-900
-823
-749
-634
-600
-607
-656
-672
-612
-574
-499
-485
-548
-580
-616
-613
-628
-642
-626
-670
-670
-666
-687
-696
-684
-725
-778
-797
-798
-755
-673
-606
-567
-629
-588
-496
-362
-240
-208
-196
-188
-109
15
142
215
277
289
317
338
366
452
547
605
622
650
751
799
861
930
980
982
940
857
760
710
699
706
662
615
583
633
628
575
561
625
735
710
601
453
332
341
354
251
210
227
185
83
13
-57
-197
-284
-319
-309
-342
-385
-359
-293
-252
-215
-219
-220
-164
-78
-35
8
45
23
37
-5
-39
33
162
211
233
330
361
308
300
311
340
303
212
152
115
83
27
-72
-177
-245
-251
-285
-390
-499
-575
-623
-681
-713
-780
-827
-795
-706
-653
-695
-773
-828
-864
-848
-821
-857
-875
-900
-862
-893
-992
-1090
-1129
-1079
-1073
-1075
-1087
-1065
-975
-926
-937
-917
-947
-1014
-1064
-1033
-934
-822
-733
-728
-757
-754
-701
-580
-390
-272
-234
-271
-327
-287
-144
-34
34
95
102
192
298
368
412
450
489
556
621
620
654
767
883
925
912
940
929
906
862
769
699
634
596
568
567
595
641
622
567
481
487
489
449
430
323
239
205
197
145
97
30
-65
-83
-57
-112
-177
-194
-226
-259
-226
-179
-137
-107
-133
-207
-340
-464
-567
-616
-643
-648
-646
-625
-576
-593
-671
-746
-763
-797
-838
-860
-894
-977
-974
-930
-923
-969
-1066
-1108
-1101
-1153
-1248
-1334
-1419
-1455
-1540
-1646
-1782
-1887
-1956
-1992
-2041
-2146
-2212
-2309
-2412
-2454
-2478
-2449
-2416
-2374
-2376
-2443
-2445
-2420
-2364
-2327
-2351
-2299
-2276
-2283
-2287
-2310
-2281
-2230
-2202
-2148
-2086
-2000
-1903
-1840
-1778
-1713
-1627
-1555
-1425
-1314
-1203
-1105
-1043
-966
-884
-776
-674
-646
-622
-588
-561
-485
-407
-340
-250
-217
-246
-355
-468
-471
-417
-384
-368
-382
-361
-371
-384
-387
-398
-359
-320
-274
-277
-252
-220
-241
-304
-359
-426
-394
-282
-199
-209
-238
-275
-283
-307
-303
-249
-217
-141
-86
-60
-106
-126
-177
-198
-211
-259
-305
-339
-306
-232
-252
-262
-261
-295
-236
-189
-169
-176
-138
-92
-37
58
59
2
-92
-128
-109
-15
126
227
288
270
288
293
288
315
398
407
311
173
38
-70
-117
-125
-134
-220
-287
-289
-343
-410
-459
-504
-531
-507
-564
-649
-678
-698
-655
-591
-595
-636
-677
-657
-650
-646
-667
-671
-638
-610
-627
-591
-549
-543
-549
-552
-525
-448
-389
-396
-442
-582
-650
-596
-445
-389
-386
-386
-350
-275
-249
-246
-234
-151
-48
51
109
148
142
130
143
170
197
252
300
325
348
379
417
457
504
544
594
622
568
494
494
527
541
609
646
650
564
491
457
444
467
447
442
405
394
368
331
331
378
409
396
368
378
374
289
177
98
105
158
198
141
21
-88
-152
-197
-195
-140
-138
-168
-153
-143
-114
-38
-30
-55
-87
-106
-155
-222
-276
-303
-328
-262
-172
-40
-66
-173
-240
-279
-285
-219
-145
-131
-177
-270
-327
-319
-317
-326
-335
-343
-407
-544
-623
-696
-683
-752
-881
-976
-1048
-1074
-1087
-1131
-1219
-1279
-1254
-1219
-1243
-1265
-1353
-1337
-1306
-1347
-1323
-1288
-1236
-1217
-1199
-1130
-1079
-1059
-1104
-1167
-1157
-1088
-1092
-1088
-1094
-1061
-976
-943
-903
-868
-869
-853
-833
-805
-809
-744
-636
-550
-487
-446
-375
-271
-142
-69
-6
46
67
98
165
279
378
471
478
454
464
500
522
518
584
600
599
594
602
623
603
589
484
388
339
278
208
198
171
117
17
-34
-12
17
-41
-76
-63
-86
-143
-151
-165
-150
-143
-125
-76
-56
-59
-101
-134
-130
-155
-273
-401
-414
-250
-151
-77
-18
-29
-103
-154
-131
-77
-32
-68
-98
-39
10
11
-30
-56
-28
-21
-51
-96
-220
-349
-461
-568
-721
-893
-982
-1016
-1025
-1060
-1127
-1187
-1237
-1319
-1359
-1376
-1353
-1354
-1386
-1440
-1469
-1426
-1379
-1392
-1440
-1445
-1489
-1495
-1519
-1520
-1515
-1517
-1431
-1410
-1438
-1471
-1518
-1493
-1402
-1309
-1223
-1124
-988
-886
-872
-930
-944
-887
-780
-662
-618
-589
-584
-588
-529
-492
-416
-330
-277
-194
-78
4
105
158
172
191
209
250
284
387
422
465
469
469
520
542
523
555
638
696
692
650
584
545
534
470
323
233
211
208
190
69
-82
-168
-177
-178
-169
-135
-100
-79
-62
-57
-100
-131
-158
-224
-268
-267
-227
-214
-257
-295
-371
-426
-384
-334
-334
-324
-373
-396
-393
-364
-353
-354
-340
-383
-407
-401
-391
-474
-517
-497
-499
-522
-535
-528
-525
-546
-548
-483
-452
-537
-757
-933
-1080
-1191
-1173
-1132
-1108
-1155
-1244
-1295
-1271
-1294
-1328
-1411
-1454
-1407
-1300
-1308
-1308
-1270
-1286
-1285
-1286
-1274
-1212
-1085
-1051
-1054
-1033
-993
-940
-859
-745
-683
-755
-810
-861
-847
-796
-836
-813
-797
-763
-739
-729
-767
-744
-607
-461
-424
-448
-510
-540
-426
-249
-124
-87
-13
112
257
398
446
405
352
376
435
515
568
578
616
677
783
907
988
1009
959
966
990
1011
1087
1104
1082
1021
996
1032
1065
1066
1036
987
924
964
1016
1013
975
930
839
763
750
717
614
494
454
405
324
318
362
375
388
445
457
427
407
352
328
323
341
322
296
294
270
237
231
144
78
49
-34
-144
-261
-311
-365
-430
-376
-302
-259
-273
-339
-422
-550
-548
-393
-344
-353
-418
-545
-618
-656
-667
-743
-812
-851
-810
-763
-734
-729
-685
-811
-913
-900
-848
-798
-873
-957
-1066
-1104
-1098
-1132
-1152
-1163
-1128
-1162
-1164
-1165
-1215
-1292
-1349
-1375
-1409
-1377
-1304
-1206
-1208
-1238
-1215
-1171
-1110
-1032
-1012
-982
-976
-953
-917
-900
-860
-818
-834
-792
-726
-638
-586
-513
-459
-452
-393
-355
-245
-141
0
109
159
192
216
221
264
324
313
233
220
233
263
328
393
377
352
331
401
411
407
441
510
582
618
612
499
365
341
342
295
314
312
239
111
-31
-160
-215
-240
-219
-215
-238
-252
-304
-372
-403
-494
-558
-679
-739
-784
-769
-736
-674
-631
-618
-668
-715
-759
-753
-679
-622
-605
-634
-696
-702
-727
-778
-818
-891
-949
-946
-961
-1001
-1055
-1163
-1220
-1219
-1190
-1208
-1297
-1407
-1462
-1459
-1442
-1500
-1589
-1658
-1696
-1724
-1769
-1805
-1829
-1836
-1856
-1838
-1813
-1863
-1922
-1961
-1977
-1905
-1818
-1772
-1735
-1682
-1670
-1673
-1659
-1640
-1651
-1613
-1596
-1545
-1509
-1527
-1552
-1533
-1476
-1476
-1465
-1378
-1246
-1071
-974
-984
-975
-956
-880
-796
-675
-578
-547
-490
-408
-363
-323
-240
-150
-21
53
86
140
211
273
268
283
325
405
507
572
528
508
507
493
430
374
392
468
530
579
596
616
606
612
633
652
688
685
640
580
540
475
375
299
286
277
213
131
-16
-185
-364
-467
-454
-411
-365
-361
-440
-570
-704
-789
-908
-972
-947
-950
-1091
-1163
-1150
-1111
-1068
-998
-938
-918
-896
-843
-778
-810
-814
-783
-773
-850
-881
-877
-803
-760
-765
-784
-846
-941
-977
-963
-907
-894
-888
-858
-913
-989
-1057
-1056
-1056
-1026
-960
-1001
-1065
-1100
-1080
-1042
-1031
-1082
-1162
-1227
-1223
-1155
-1066
-1023
-984
-974
-942
-880
-842
-774
-715
-674
-657
-604
-716
-876
-898
-806
-640
-577
-631
-681
-709
-664
-612
-606
-579
-577
-531
-462
-356
-235
-129
-42
-26
-28
70
205
267
313
328
371
391
432
514
590
600
592
572
587
572
503
430
391
426
372
263
184
166
120
54
-6
-44
-32
-49
-57
-118
-183
-282
-341
-368
-453
-434
-506
-493
-487
-520
-615
-690
-685
-645
-602
-626
-580
-516
-421
-326
-300
-340
-483
-627
-742
-788
-765
-805
-906
-925
-933
-931
-881
-817
-767
-778
-772
-684
-584
-473
-421
-357
-263
-122
6
45
37
18
119
161
194
189
36
-82
-149
-131
-191
-334
-417
-444
-444
-439
-449
-447
-433
-410
-457
-504
-524
-569
-596
-678
-743
-782
-769
-756
-787
-880
-964
-958
-974
-977
-920
-874
-858
-794
-722
-703
-664
-661
-629
-581
-468
-369
-300
-328
-370
-351
-271
-163
-51
-3
-18
-77
-115
-69
54
124
151
178
178
197
200
198
153
116
111
158
184
152
240
295
319
385
465
539
531
510
477
475
499
580
619
558
520
546
577
665
758
744
766
757
704
641
564
486
533
520
433
361
275
253
254
246
266
359
353
280
224
257
273
307
291
280
184
101
9
-49
20
77
-12
-120
-160
-128
-71
-8
64
33
-64
-173
-213
-228
-187
-138
-134
-153
-153
-158
-185
-269
-415
-477
-506
-539
-600
-669
-800
-914
-980
-1018
-1023
-1029
-991
-890
-851
-874
-909
-941
-907
-940
-922
-913
-940
-953
-940
-966
-1043
-1093
-1097
-1044
-1029
-1040
-1101
-1171
-1232
-1294
-1331
-1354
-1333
-1327
-1354
-1378
-1348
-1343
-1348
-1355
-1331
-1278
-1169
-1090
-1036
-1018
-1025
-1038
-1001
-889
-735
-644
-630
-609
-633
-559
-445
-257
-124
-63
-76
-70
15
138
213
213
160
184
255
289
379
390
419
457
473
466
513
571
578
586
564
592
620
629
633
577
515
493
507
484
475
498
498
418
255
132
77
15
-14
-84
-239
-410
-524
-630
-663
-688
-729
-792
-833
-832
-778
-738
-723
-776
-768
-715
-634
-624
-671
-665
-605
-531
-466
-444
-438
-386
-390
-412
-387
-293
-211
-258
-362
-422
-468
-503
-492
-530
-612
-716
-801
-850
-919
-926
-962
-978
-984
-1012
-1070
-1116
-1136
-1189
-1246
-1236
-1221
-1222
-1227
-1219
-1169
-1101
-1036
-1073
-1093
-1054
-967
-926
-963
-1002
-969
-924
-943
-993
-1025
-1027
-944
-822
-733
-687
-667
-706
-707
-664
-597
-539
-498
-511
-461
-425
-373
-295
-240
-153
-65
85
199
323
365
398
480
534
600
638
679
690
661
703
747
785
744
708
625
585
584
669
777
834
801
710
714
818
945
977
895
809
733
708
701
730
731
698
631
529
427
372
334
303
206
-1
-102
-131
-166
-232
-299
-348
-409
-502
-569
-603
-614
-706
-767
-776
-806
-889
-939
-948
-965
-1043
-1094
-1155
-1142
-1106
-1102
-1162
-1146
-1087
-1071
-1033
-1008
-948
-906
-854
-855
-919
-977
-1025
-1051
-1116
-1108
-1106
-1224
-1292
-1370
-1523
-1596
-1584
-1565
-1614
-1611
-1542
-1494
-1462
-1494
-1533
-1522
-1499
-1561
-1582
-1483
-1412
-1399
-1508
-1617
-1621
-1621
-1606
-1571
-1547
-1534
-1489
-1493
-1543
-1537
-1457
-1336
-1213
-1113
-1048
-1057
-1034
-920
-773
-599
-481
-381
-327
-286
-172
-64
18
74
135
149
162
160
111
99
79
77
142
174
183
182
178
216
264
331
369
372
397
406
483
584
695
738
712
679
620
600
618
647
646
649
651
600
624
658
705
681
606
513
448
426
428
485
431
293
196
181
177
98
26
-86
-197
-233
-205
-192
-266
-379
-424
-508
-484
-448
-479
-546
-574
-608
-632
-670
-714
-744
-700
-633
-637
-745
-788
-751
-687
-620
-618
-718
-828
-938
-1024
-1068
-1030
-1022
-1048
-1028
-950
-864
-815
-809
-958
-1045
-1081
-1016
-960
-937
-946
-1012
-1080
-1121
-1098
-1110
-1144
-1148
-1158
-1203
-1239
-1293
-1339
-1362
-1355
-1371
-1363
-1274
-1204
-1226
-1291
-1311
-1322
-1335
-1344
-1354
-1433
-1501
-1528
-1504
-1469
-1367
-1299
-1247
-1211
-1197
-1193
-1156
-1087
-990
-848
-824
-804
-746
-680
-564
-453
-421
-411
-380
-314
-232
-184
-144
-98
-73
-75
-65
-50
9
76
135
159
173
196
229
224
208
233
347
446
466
433
423
443
456
399
384
388
470
548
536
539
528
464
391
417
425
384
394
364
338
303
226
157
86
21
48
133
212
189
164
200
176
124
97
94
46
-12
-3
48
45
59
8
-34
-89
-60
11
83
57
-1
-69
-186
-326
-420
-499
-632
-727
-788
-794
-808
-887
-983
-1056
-1048
-1051
-1040
-1100
-1206
-1192
-1138
-1085
-1075
-1174
-1231
-1205
-1161
-1140
-1147
-1115
-1044
-1044
-1096
-1056
-1005
-925
-822
-779
-782
-752
-780
-847
-822
-791
-752
-737
-730
-756
-800
-825
-788
-774
-776
-759
-725
-669
-548
-447
-371
-299
-275
-251
-247
-205
-129
-17
-26
-126
-249
-256
-166
-59
10
27
56
81
90
129
238
288
365
412
420
436
418
344
274
252
276
336
348
238
204
204
184
195
236
266
250
248
249
229
195
149
95
48
83
40
-13
-103
-178
-189
-179
-217
-289
-334
-360
-400
-357
-238
-208
-242
-333
-448
-518
-541
-533
-441
-311
-263
-255
-244
-233
-169
-37
64
52
-13
-106
-184
-218
-179
-181
-208
-241
-278
-319
-341
-338
-403
-473
-458
-458
-534
-567
-511
-480
-508
-553
-626
-654
-652
-645
-674
-739
-737
-775
-792
-846
-962
-1086
-1132
-1050
-976
-956
-988
-1007
-998
-954
-874
-836
-777
-732
-707
-709
-783
-826
-833
-794
-785
-713
-620
-544
-442
-356
-236
-173
-138
-134
-108
-49
30
104
170
232
253
248
253
286
352
314
249
197
181
262
409
438
446
430
442
503
650
791
907
937
903
878
851
856
854
872
873
886
869
869
828
791
779
813
853
828
758
660
560
460
425
463
458
415
350
328
348
388
426
398
321
254
201
151
80
-6
-162
-282
-349
-381
-440
-496
-512
-535
-598
-625
-687
-713
-743
-796
-801
-833
-820
-793
-765
-769
-769
-812
-824
-811
-856
-953
-992
-949
-887
-932
-1043
-1178
-1235
-1321
-1405
-1407
-1400
-1404
-1425
-1426
-1442
-1449
-1463
-1443
-1508
-1565
-1585
-1513
-1459
-1445
-1470
-1521
-1509
-1481
-1489
-1548
-1609
-1630
-1598
-1557
-1578
-1571
-1592
-1584
-1564
-1542
-1476
-1413
-1354
-1296
-1321
-1351
-1426
-1409
-1400
-1412
-1417
-1410
-1368
-1229
-1031
-803
-712
-687
-702
-712
-650
-584
-523
-490
-441
-349
-265
-235
-246
-243
-199
-108
-27
42
99
105
113
71
73
48
11
-15
-66
-106
-121
-123
-97
-68
-37
-2
47
49
7
-8
-18
-93
-89
-68
-76
-90
-141
-185
-172
-127
-85
-81
-110
-156
-215
-245
-251
-299
-361
-437
-504
-580
-687
-821
-913
-935
-952
-943
-902
-892
-993
-1054
-1019
-941
-861
-812
-866
-893
-906
-936
-981
-996
-974
-1025
-1035
-983
-946
-993
-1040
-1112
-1264
-1357
-1368
-1343
-1305
-1281
-1338
-1328
-1324
-1340
-1375
-1360
-1343
-1292
-1191
-1135
-1060
-1022
-1016
-1020
-974
-931
-945
-923
-874
-872
-858
-761
-682
-630
-589
-612
-623
-625
-572
-518
-472
-440
-453
-520
-517
-410
-314
-276
-301
-340
-368
-363
-274
-177
-127
-111
-128
-131
-79
-31
6
57
108
100
84
98
152
244
270
261
313
435
543
622
651
638
617
653
734
846
931
982
1012
978
980
1019
1077
1068
1052
1088
1102
1212
1309
1322
1270
1248
1266
1269
1244
1199
1129
1090
1095
1139
1156
1125
1124
1199
1300
1335
1334
1253
1195
1162
1174
1189
1146
1056
931
778
624
566
522
453
416
356
226
180
216
255
248
233
124
63
97
69
42
-49
-119
-251
-357
-440
-551
-715
-816
-832
-886
-947
-979
-1020
-1062
-1058
-1096
-1164
-1211
-1256
-1257
-1194
-1167
-1247
-1315
-1346
-1326
-1257
-1202
-1196
-1187
-1144
-1095
-1051
-1053
-1076
-1090
-1087
-1041
-1060
-1070
-1037
-984
-890
-823
-822
-822
-857
-904
-901
-877
-822
-774
-738
-742
-713
-629
-546
-501
-457
-476
-558
-675
-648
-532
-455
-428
-431
-475
-434
-344
-268
-200
-173
-135
-69
1
29
33
73
140
152
100
35
-25
-5
46
155
230
219
212
205
247
304
331
349
275
282
330
389
430
480
483
439
403
404
419
432
511
560
514
462
464
414
410
419
394
394
351
297
219
125
156
182
213
216
181
146
22
-95
-210
-324
-399
-399
-361
-308
-311
-337
-372
-388
-412
-458
-566
-686
-777
-873
-944
-1002
-1006
-1035
-1086
-1125
-1166
-1300
-1414
-1535
-1610
-1657
-1756
-1800
-1757
-1727
-1732
-1755
-1825
-1857
-1857
-1777
-1677
-1637
-1664
-1760
-1866
-1933
-1948
-1989
-1992
-2014
-2016
-2040
-2028
-2006
-1975
-1933
-1904
-1883
-1882
-1853
-1847
-1782
-1717
-1655
-1550
-1504
-1497
-1516
-1509
-1490
-1438
-1315
-1250
-1217
-1100
-997
-954
-953
-928
-884
-793
-682
-594
-613
-649
-690
-717
-691
-668
-622
-555
-516
-464
-501
-518
-449
-369
-328
-232
-123
-94
-92
-126
-182
-187
-96
-33
-77
-136
-151
-141
-152
-151
-194
-250
-289
-344
-401
-425
-397
-398
-481
-550
-567
-557
-567
-587
-599
-714
-821
-825
-863
-949
-1014
-1086
-1117
-1180
-1236
-1277
-1247
-1142
-1162
-1161
-1123
-1051
-936
-789
-661
-584
-539
-448
-325
-235
-112
-21
47
106
117
76
25
21
47
43
42
44
26
42
14
-61
-136
-170
-86
-49
-107
-157
-142
-66
-36
-121
-182
-234
-253
-186
-93
-110
-182
-251
-312
-292
-228
-149
-114
-86
-99
-84
-103
-166
-157
-185
-142
-115
-149
-130
-152
-130
-95
-59
-103
-122
-116
-87
10
50
62
66
104
182
317
415
462
508
555
632
734
800
822
782
749
760
784
863
865
825
802
805
775
763
694
604
572
557
570
639
702
711
689
620
610
649
665
672
640
583
564
526
489
440
341
302
304
312
316
341
373
406
448
367
261
181
160
191
136
51
-128
-281
-323
-311
-423
-508
-561
-668
-755
-807
-843
-871
-864
-912
-939
-884
-871
-878
-828
-824
-792
-777
-789
-792
-779
-781
-798
-799
-742
-717
-717
-702
-743
-753
-762
-782
-826
-899
-1009
-1051
-974
-938
-914
-967
-1058
-1102
-1106
-1146
-1136
-1085
-1093
-1139
-1162
-1147
-1164
-1183
-1277
-1374
-1359
-1343
-1312
-1232
-1211
-1310
-1349
-1320
-1234
-1127
-1018
-953
-978
-932
-839
-763
-726
-675
-608
-587
-503
-389
-286
-161
-71
50
175
266
294
319
393
478
516
526
570
611
643
688
726
795
853
954
1034
1079
1095
1141
1185
1213
1194
1172
1200
1249
1260
1222
1175
1186
1262
1330
1300
1246
1146
1049
952
879
816
773
787
778
691
579
520
466
453
439
447
425
393
325
265
178
133
32
-89
-245
-364
-478
-568
-624
-681
-730
-810
-815
-800
-816
-901
-938
-934
-945
-973
-990
-973
-916
-860
-836
-816
-853
-883
-895
-919
-932
-952
-942
-916
-877
-808
-788
-844
-852
-799
-785
-832
-859
-844
-830
-875
-916
-915
-847
-858
-914
-1008
-1020
-1030
-1006
-991
-975
-947
-937
-898
-911
-863
-887
-881
-872
-851
-845
-855
-856
-901
-936
-975
-905
-814
-734
-792
-842
-836
-781
-690
-696
-753
-772
-741
-706
-666
-707
-722
-724
-730
-680
-590
-492
-460
-470
-459
-357
-219
-156
-123
-157
-132
-44
61
176
299
348
341
284
243
204
243
320
382
399
360
341
392
487
549
514
472
489
480
360
253
138
85
36
-36
-122
-197
-277
-310
-374
-393
-408
-462
-546
-619
-724
-819
-837
-828
-744
-696
-746
-839
-923
-973
-990
-975
-963
-977
-1066
-1158
-1192
-1176
-1121
-1126
-1158
-1166
-1128
-1049
-971
-923
-928
-972
-947
-835
-797
-805
-811
-886
-909
-913
-955
-1019
-1008
-992
-954
-942
-923
-905
-850
-809
-778
-799
-897
-923
-925
-906
-911
-891
-912
-969
-1036
-1107
-1071
-1005
-1016
-1078
-1131
-1096
-1059
-1065
-1125
-1156
-1094
-1004
-902
-782
-765
-796
-811
-822
-824
-838
-854
-826
-809
-763
-679
-631
-563
-557
-544
-447
-385
-318
-240
-115
20
106
141
175
197
261
308
307
328
343
362
375
422
520
580
639
627
600
540
509
493
597
692
729
729
654
695
785
882
843
770
701
696
720
706
717
728
716
657
636
662
619
560
532
527
502
484
474
467
420
404
472
499
434
365
337
304
245
217
139
43
-95
-163
-169
-118
-67
-7
17
70
83
23
5
6
24
49
16
-23
-28
-63
-101
-112
-82
-66
-86
-192
-233
-211
-182
-263
-357
-449
-513
-553
-519
-485
-501
-564
-664
-710
-748
-680
-638
-699
-752
-846
-939
-977
-984
-963
-979
-991
-939
-882
-814
-841
-882
-908
-913
-979
-1052
-1056
-1018
-1005
-953
-836
-750
-678
-638
-584
-556
-472
-428
-438
-430
-458
-449
-415
-346
-313
-323
-317
-316
-335
-321
-314
-311
-335
-305
-268
-209
-72
17
89
184
301
400
512
617
659
700
697
707
647
608
631
631
592
540
528
548
599
605
561
446
305
203
130
77
87
138
162
115
28
-36
-133
-267
-399
-443
-495
-500
-490
-513
-552
-617
-625
-633
-607
-605
-630
-638
-665
-606
-552
-575
-671
-816
-913
-958
-928
-893
-934
-1001
-1090
-1094
-1058
-974
-935
-992
-1071
-1137
-1184
-1265
-1333
-1411
-1466
-1477
-1524
-1621
-1653
-1685
-1662
-1551
-1437
-1453
-1541
-1618
-1678
-1689
-1672
-1591
-1593
-1633
-1614
-1538
-1545
-1540
-1555
-1617
-1642
-1636
-1618
-1608
-1567
-1547
-1472
-1401
-1398
-1463
-1545
-1536
-1477
-1427
-1412
-1400
-1371
-1249
-1148
-1091
-1061
-1004
-953
-860
-749
-659
-598
-533
-420
-331
-273
-234
-177
-175
-172
-126
-41
57
125
183
170
198
338
494
620
673
706
692
680
703
732
760
781
805
798
777
734
664
685
791
876
890
866
817
789
817
846
803
705
645
566
470
346
332
357
351
338
298
238
158
43
-40
-124
-185
-239
-294
-341
-421
-442
-482
-493
-437
-402
-443
-516
-590
-712
-792
-827
-870
-918
-977
-1011
-1024
-945
-886
-799
-756
-765
-802
-842
-825
-810
-733
-634
-609
-650
-801
-875
-900
-853
-809
-888
-961
-946
-873
-850
-958
-1010
-965
-879
-845
-836
-851
-839
-882
-886
-927
-922
-868
-823
-824
-899
-932
-895
-885
-906
-951
-982
-999
-1052
-1041
-967
-894
-837
-717
-622
-567
-551
-580
-528
-493
-478
-405
-312
-244
-180
-137
-98
-50
4
25
141
254
318
352
354
369
445
530
546
545
559
620
756
858
910
856
827
889
962
1002
990
970
933
937
931
944
940
893
827
763
672
613
558
531
506
472
458
410
354
313
217
125
60
44
52
95
51
-52
-93
-185
-214
-159
-139
-212
-269
-253
-260
-358
-408
-388
-403
-360
-356
-370
-360
-288
-156
-54
-52
-57
-50
32
103
170
215
249
294
282
264
207
99
6
20
-7
-97
-190
-262
-274
-263
-253
-303
-383
-439
-449
-497
-548
-620
-687
-733
-716
-693
-685
-670
-695
-723
-808
-851
-893
-933
-965
-952
-925
-897
-891
-951
-980
-993
-917
-822
-761
-704
-655
-577
-498
-485
-448
-427
-394
-332
-203
-140
-140
-132
-74
47
175
274
325
369
473
567
680
719
752
755
771
778
838
862
816
776
708
724
766
822
868
863
844
882
920
922
833
702
578
555
626
722
777
717
613
553
540
549
562
504
378
211
75
-16
-61
-78
-193
-378
-588
-736
-730
-688
-780
-897
-1007
-1126
-1209
-1236
-1229
-1250
-1338
-1338
-1365
-1431
-1487
-1613
-1811
-1868
-1797
-1734
-1682
-1628
-1593
-1613
-1500
-1359
-1273
-1235
-1181
-1164
-1143
-1114
-1059
-1024
-997
-989
-1006
-999
-956
-927
-955
-961
-985
-1036
-1081
-1105
-1185
-1299
-1366
-1417
-1362
-1359
-1401
-1454
-1528
-1585
-1571
-1535
-1545
-1520
-1558
-1635
-1698
-1757
-1770
-1728
-1695
-1666
-1722
-1770
-1784
-1761
-1758
-1747
-1726
-1733
-1727
-1741
-1700
-1596
-1454
-1361
-1346
-1389
-1377
-1347
-1287
-1188
-1110
-1040
-1018
-1000
-950
-954
-842
-663
-540
-437
-319
-211
-103
2
139
227
262
301
370
423
491
586
617
538
454
394
391
439
430
416
365
343
285
274
329
404
411
331
256
254
283
384
491
531
522
498
506
538
540
532
583
679
675
609
557
570
611
680
649
514
420
395
462
582
675
695
635
511
531
497
418
356
340
356
311
275
253
194
158
166
141
124
100
161
205
180
95
-40
-180
-272
-391
-432
-393
-422
-516
-621
-600
-514
-444
-426
-438
-491
-542
-618
-707
-728
-757
-784
-813
-832
-915
-1068
-1149
-1149
-1139
-1138
-1164
-1274
-1383
-1433
-1435
-1439
-1498
-1526
-1526
-1492
-1402
-1311
-1315
-1394
-1458
-1489
-1456
-1376
-1272
-1245
-1190
-1147
-1063
-926
-840
-786
-716
-585
-465
-366
-264
-85
32
51
40
15
51
76
81
81
180
311
352
291
208
246
335
439
476
482
546
588
614
580
564
518
517
556
621
695
711
701
711
699
618
613
609
617
662
644
627
643
635
600
575
557
537
512
404
309
238
155
88
16
-38
-96
-154
-195
-238
-261
-289
-294
-362
-415
-422
-439
-438
-477
-538
-559
-568
-554
-475
-472
-474
-495
-458
-395
-360
-365
-435
-484
-526
-528
-539
-551
-586
-635
-636
-672
-678
-697
-745
-770
-824
-954
-1080
-1157
-1212
-1123
-1071
-1119
-1227
-1249
-1262
-1229
-1238
-1190
-1075
-975
-947
-978
-1004
-984
-976
-932
-885
-835
-754
-739
-767
-822
-789
-726
-636
-576
-582
-550
-556
-560
-542
-515
-447
-385
-348
-330
-237
-135
-115
-77
-49
2
46
44
-42
-108
-116
11
197
296
306
274
279
329
428
531
586
659
723
749
813
872
928
958
961
944
902
888
856
820
769
688
663
670
666
626
587
509
420
351
394
367
341
333
342
354
387
357
253
161
74
44
81
73
11
-93
-153
-170
-258
-333
-430
-465
-500
-517
-555
-636
-664
-662
-701
-711
-690
-685
-720
-707
-710
-660
-633
-637
-619
-596
-587
-695
-758
-787
-770
-780
-851
-919
-985
-1020
-1067
-1085
-1086
-1092
-1096
-1071
-1033
-1055
-1083
-1030
-981
-965
-992
-1012
-978
-928
-888
-905
-932
-891
-835
-799
-838
-918
-948
-949
-921
-924
-942
-982
-976
-969
-987
-958
-929
-919
-882
-865
-862
-831
-734
-604
-516
-470
-463
-525
-593
-616
-619
-579
-514
-513
-507
-464
-478
-513
-544
-561
-599
-609
-635
-639
-642
-582
-501
-459
-456
-418
-364
-348
-310
-273
-222
-192
-127
-89
-125
-167
-166
-142
-88
-75
-147
-290
-446
-570
-529
-449
-335
-295
-314
-348
-299
-294
-295
-247
-222
-207
-177
-252
-321
-314
-243
-172
-189
-235
-344
-370
-356
-349
-328
-296
-239
-236
-298
-320
-290
-275
-301
-350
-425
-447
-389
-317
-298
-287
-266
-325
-390
-376
-320
-237
-209
-266
-333
-445
-531
-597
-624
-654
-702
-711
-811
-921
-1015
-1056
-1011
-956
-899
-864
-846
-809
-798
-773
-835
-886
-902
-922
-912
-934
-950
-951
-942
-970
-933
-894
-919
-973
-993
-963
-978
-1021
-1070
-1090
-1050
-944
-850
-855
-905
-944
-887
-818
-747
-705
-695
-657
-578
-492
-439
-456
-457
-330
-254
-199
-217
-224
-244
-215
-215
-185
-163
-126
-33
26
48
70
108
210
301
314
299
292
358
460
559
606
540
424
337
343
388
379
370
383
404
395
473
545
581
566
451
387
365
401
415
368
359
325
285
294
375
398
390
422
330
227
179
195
152
103
51
5
-30
-55
14
-9
-26
-34
-6
57
85
132
161
245
306
295
340
341
364
363
370
380
353
327
323
381
393
419
449
491
497
425
355
258
180
85
50
58
80
107
53
-41
-82
-103
-133
-134
-131
-179
-227
-312
-403
-469
-502
-518
-584
-594
-641
-681
-673
-647
-566
-568
-620
-638
-589
-578
-556
-560
-509
-406
-328
-316
-341
-342
-311
-244
-150
-57
18
54
74
80
99
149
202
194
139
84
89
167
204
260
305
369
413
407
369
339
407
533
634
669
600
516
485
494
537
568
634
646
603
583
564
500
426
354
316
339
372
389
350
240
109
20
-94
-148
-205
-253
-271
-314
-301
-316
-385
-492
-507
-515
-571
-621
-613
-598
-594
-628
-745
-856
-873
-920
-1061
-1199
-1330
-1401
-1430
-1367
-1255
-1204
-1196
-1196
-1159
-1049
-924
-889
-911
-915
-941
-959
-923
-925
-923
-918
-927
-939
-956
-1023
-1108
-1172
-1226
-1285
-1336
-1399
-1375
-1320
-1263
-1277
-1299
-1338
-1397
-1430
-1513
-1532
-1531
-1587
-1603
-1545
-1455
-1434
-1467
-1508
-1485
-1439
-1425
-1400
-1310
-1269
-1274
-1290
-1320
-1364
-1414
-1480
-1531
-1524
-1472
-1419
-1381
-1360
-1343
-1350
-1339
-1289
-1236
-1175
-1142
-1107
-1087
-1101
-1166
-1193
-1131
-1024
-947
-914
-947
-953
-978
-958
-920
-871
-826
-875
-894
-818
-724
-623
-517
-411
-342
-244
-138
-25
75
97
72
105
132
165
207
179
101
66
41
70
88
79
99
69
108
189
268
308
301
279
282
280
335
376
285
232
247
257
286
309
257
242
205
174
186
175
127
122
159
183
161
160
294
424
500
572
559
457
365
365
415
404
370
270
194
190
197
208
164
131
99
-7
-63
-106
-156
-193
-290
-396
-467
-523
-544
-510
-544
-545
-558
-619
-686
-679
-637
-617
-595
-567
-600
-643
-646
-618
-574
-648
-727
-738
-676
-697
-734
-791
-834
-843
-854
-837
-885
-934
-929
-901
-919
-935
-963
-971
-887
-882
-812
-728
-666
-588
-540
-508
-526
-540
-490
-451
-427
-389
-339
-387
-462
-508
-503
-405
-288
-248
-277
-323
-297
-225
-120
-5
109
166
230
249
255
235
271
360
444
562
617
651
666
674
656
666
660
691
721
715
705
688
669
682
687
671
692
668
667
666
730
815
804
745
717
628
494
483
549
580
567
482
367
331
336
351
333
286
201
93
65
61
55
70
30
-7
-32
-130
-145
-94
-108
-174
-298
-478
-632
-757
-864
-1002
-1098
-1166
-1192
-1209
-1248
-1287
-1352
-1330
-1205
-1076
-974
-959
-1019
-1030
-1049
-1072
-1155
-1257
-1304
-1151
-1038
-982
-996
-1057
-1137
-1151
-1082
-995
-929
-873
-815
-824
-822
-885
-902
-925
-918
-930
-939
-946
-1013
-1064
-1052
-981
-943
-971
-977
-957
-907
-759
-645
-562
-486
-432
-349
-309
-278
-216
-158
-68
54
143
220
262
268
313
372
500
653
747
815
845
841
853
915
965
958
928
936
973
1014
997
984
981
1028
1068
1019
969
897
917
952
913
823
713
556
421
359
296
225
144
98
83
61
19
-81
-171
-268
-336
-401
-482
-548
-591
-605
-564
-578
-658
-779
-922
-990
-1057
-1029
-993
-993
-995
-1023
-966
-881
-792
-778
-819
-842
-778
-763
-788
-828
-835
-827
-867
-964
-1070
-1160
-1148
-1131
-1187
-1237
-1265
-1270
-1301
-1372
-1443
-1418
-1340
-1267
-1234
-1261
-1292
-1282
-1268
-1343
-1429
-1508
-1575
-1574
-1568
-1530
-1554
-1597
-1618
-1568
-1531
-1514
-1471
-1469
-1460
-1434
-1415
-1352
-1333
-1318
-1270
-1212
-1113
-1071
-1021
-1017
-1038
-1013
-994
-945
-919
-859
-869
-892
-821
-740
-651
-542
-456
-381
-291
-178
-113
-42
93
232
331
382
451
464
480
640
832
982
1070
1088
1083
1091
1128
1168
1187
1163
1111
1110
1079
1003
964
972
1025
1039
994
887
781
678
589
578
546
437
348
329
337
392
393
382
379
376
377
305
236
192
217
209
172
208
231
220
168
208
260
270
296
245
179
177
169
137
79
26
13
61
110
111
106
121
128
87
115
86
31
-32
-106
-238
-359
-469
-494
-507
-510
-545
-651
-722
-718
-660
-681
-800
-875
-876
-841
-809
-848
-885
-862
-798
-796
-800
-827
-826
-872
-927
-961
-996
-948
-878
-857
-817
-795
-753
-661
-607
-594
-554
-463
-339
-243
-241
-261
-337
-348
-261
-157
-77
-93
-99
-148
-173
-119
-60
41
141
126
72
94
222
369
456
513
500
519
587
653
715
701
694
718
760
754
723
678
714
790
906
944
881
812
784
770
754
744
709
714
669
559
417
353
329
327
317
264
218
147
125
129
77
51
36
-46
-154
-288
-294
-213
-166
-86
-56
-104
-195
-304
-385
-420
-375
-360
-444
-581
-684
-794
-840
-809
-746
-731
-822
-918
-974
-977
-957
-979
-981
-961
-976
-990
-1047
-1079
-1105
-1145
-1232
-1306
-1347
-1461
-1556
-1539
-1384
-1279
-1282
-1289
-1333
-1355
-1306
-1303
-1284
-1241
-1246
-1321
-1371
-1368
-1393
-1447
-1419
-1362
-1377
-1370
-1355
-1334
-1356
-1344
-1332
-1260
-1136
-1058
-1064
-1127
-1182
-1175
-1131
-1047
-953
-863
-861
-862
-868
-798
-709
-646
-567
-493
-388
-338
-259
-169
-81
-17
86
195
261
293
323
315
362
390
397
402
454
521
596
652
650
676
694
736
750
795
731
650
637
635
638
530
362
219
97
103
114
170
203
146
111
94
19
-57
-92
-194
-257
-282
-266
-251
-265
-302
-423
-510
-556
-653
-755
-803
-790
-754
-746
-750
-787
-804
-802
-788
-802
-807
-798
-754
-762
-833
-895
-913
-844
-720
-706
-728
-743
-788
-795
-797
-779
-789
-849
-862
-847
-830
-748
-711
-803
-870
-876
-853
-907
-895
-945
-1107
-1218
-1242
-1142
-1087
-1096
-1060
-1042
-1022
-988
-1035
-1071
-1131
-1174
-1160
-1129
-1141
-1143
-1095
-1103
-1202
-1261
-1266
-1238
-1231
-1225
-1238
-1308
-1294
-1324
-1380
-1368
-1410
-1412
-1394
-1383
-1380
-1358
-1343
-1337
-1370
-1334
-1220
-1160
-1143
-1109
-1040
-995
-940
-873
-757
-603
-464
-421
-398
-411
-368
-270
-177
-109
-125
-74
-78
-97
-139
-82
-3
83
191
271
316
363
401
446
522
575
606
637
659
577
498
542
615
702
751
706
563
463
333
267
318
390
422
455
492
467
418
390
302
242
280
315
369
388
429
462
473
450
409
439
450
441
423
353
333
231
134
139
129
143
125
54
47
66
100
143
155
88
32
-26
-92
-156
-173
-230
-313
-419
-513
-541
-569
-622
-676
-740
-761
-799
-807
-787
-766
-765
-799
-809
-807
-827
-794
-667
-550
-542
-599
-670
-787
-867
-840
-747
-636
-603
-671
-702
-668
-633
-620
-609
-633
-634
-558
-534
-519
-523
-507
-488
-491
-521
-478
-420
-367
-375
-447
-420
-465
-496
-480
-470
-404
-345
-313
-267
-168
-55
56
153
234
302
354
427
446
465
477
487
503
521
563
626
706
830
905
900
822
743
706
805
907
992
1038
1034
992
976
996
1007
1060
1093
1137
1106
1087
1089
1043
1045
1068
1071
1019
933
833
801
829
832
782
649
520
457
342
198
102
-16
-91
-75
-78
-70
-76
-154
-174
-136
-93
-67
20
47
74
127
134
54
32
15
-92
-288
-475
-611
-670
-722
-771
-873
-1001
-1108
-1212
-1279
-1325
-1343
-1431
-1485
-1468
-1422
-1361
-1332
-1347
-1399
-1484
-1538
-1510
-1417
-1360
-1330
-1334
-1351
-1412
-1461
-1464
-1532
-1538
-1485
-1448
-1433
-1417
-1387
-1332
-1233
-1123
-1064
-1027
-943
-862
-800
-766
-776
-748
-697
-608
-574
-550
-538
-528
-507
-418
-274
-213
-226
-285
-250
-136
-22
95
185
207
248
261
317
356
400
512
637
731
787
847
940
1013
1024
1013
1047
1124
1215
1275
1307
1318
1316
1386
1486
1510
1455
1359
1261
1170
1113
1096
1093
1051
994
960
953
890
814
753
668
581
448
282
120
-12
-134
-225
-278
-376
-448
-542
-590
-574
-593
-605
-662
-727
-775
-819
-864
-849
-890
-944
-1000
-1021
-1117
-1164
-1110
-1115
-1180
-1250
-1245
-1199
-1171
-1198
-1260
-1330
-1446
-1519
-1524
-1564
-1675
-1774
-1844
-1879
-1881
-1906
-1972
-1963
-1942
-1971
-2086
-2150
-2098
-2083
-2130
-2162
-2142
-2158
-2121
-2089
-2056
-2090
-2158
-2153
-2122
-2034
-1960
-1920
-1921
-1954
-1966
-1919
-1799
-1635
-1517
-1493
-1467
-1458
-1380
-1298
-1240
-1190
-1175
-1185
-1164
-1092
-970
-893
-871
-871
-840
-760
-700
-664
-652
-622
-573
-570
-541
-489
-450
-403
-343
-294
-285
-161
-35
92
144
167
191
249
418
550
589
610
648
664
718
810
829
819
823
825
849
919
904
866
863
869
784
693
590
571
580
520
374
242
174
170
166
159
146
73
-23
-96
-56
-42
-43
-45
-28
1
46
124
182
169
124
128
161
165
159
100
98
79
88
86
59
60
3
20
15
5
70
186
307
342
324
315
293
220
170
114
60
28
-1
4
-2
-17
-29
-15
37
124
170
194
229
223
204
162
152
138
77
55
22
-14
-15
-35
-95
-134
-167
-174
-213
-226
-203
-142
-81
19
30
-1
-37
-46
-30
-4
21
40
92
63
-14
28
60
54
24
32
56
59
41
49
99
127
119
42
24
44
86
141
202
322
402
391
409
460
580
635
639
537
438
407
473
458
437
373
317
323
375
408
393
313
248
178
115
91
17
16
7
-99
-174
-280
-326
-327
-367
-392
-433
-463
-465
-466
-480
-563
-572
-512
-493
-514
-515
-487
-431
-400
-389
-368
-366
-383
-335
-272
-226
-204
-211
-231
-291
-356
-384
-360
-304
-275
-264
-260
-251
-202
-193
-183
-146
-134
-210
-240
-217
-196
-253
-366
-492
-615
-687
-713
-740
-768
-785
-746
-739
-791
-805
-807
-820
-837
-830
-812
-751
-758
-774
-814
-878
-917
-917
-910
-874
-828
-833
-782
-721
-650
-602
-551
-495
-488
-451
-413
-373
-293
-263
-281
-297
-306
-261
-189
-100
-9
15
40
-8
-35
9
68
95
77
95
154
175
158
123
155
226
305
383
460
504
482
477
550
619
699
738
744
688
646
583
529
547
597
665
655
571
487
464
415
340
293
206
175
133
128
162
212
275
261
205
160
152
139
118
122
109
62
-33
-127
-232
-298
-367
-420
-462
-553
-634
-685
-725
-741
-822
-855
-877
-857
-892
-915
-876
-870
-821
-812
-834
-808
-743
-710
-723
-778
-820
-825
-827
-866
-908
-848
-839
-852
-860
-858
-910
-967
-1000
-1085
-1174
-1234
-1291
-1339
-1365
-1401
-1468
-1505
-1557
-1606
-1576
-1522
-1459
-1475
-1498
-1559
-1513
-1386
-1273
-1193
-1234
-1273
-1289
-1216
-1147
-1132
-1206
-1256
-1245
-1190
-1100
-1042
-999
-951
-907
-867
-841
-819
-775
-664
-583
-529
-516
-472
-379
-314
-256
-255
-265
-326
-341
-319
-291
-212
-200
-245
-226
-205
-168
-148
-95
-5
78
80
78
34
-5
15
94
209
291
330
377
403
394
371
332
356
389
416
415
342
337
311
306
279
233
260
292
269
229
210
199
192
168
183
221
236
284
268
243
244
232
199
192
160
157
192
286
287
245
157
82
81
103
82
39
-26
-33
-66
-122
-112
-89
-67
-79
-135
-214
-257
-211
-176
-187
-273
-328
-343
-313
-337
-423
-549
-694
-795
-811
-774
-797
-832
-878
-954
-1033
-1025
-961
-887
-941
-1079
-1177
-1173
-1097
-1025
-952
-903
-950
-1040
-1091
-1120
-1126
-1130
-1102
-1060
-1035
-1063
-1105
-1027
-944
-856
-802
-729
-704
-765
-820
-863
-875
-863
-776
-652
-582
-571
-625
-707
-707
-637
-566
-443
-374
-337
-290
-214
-196
-139
-96
-64
-42
19
164
274
319
246
128
25
57
115
120
75
0
19
16
-62
-202
-291
-210
-97
-46
-105
-137
-177
-207
-259
-248
-223
-163
-84
-132
-201
-226
-164
-64
-20
-8
-53
-157
-187
-136
17
72
-23
-98
-164
-227
-229
-187
-198
-182
-195
-276
-386
-568
-684
-655
-564
-497
-451
-438
-410
-480
-617
-543
-410
-295
-271
-276
-285
-409
-584
-616
-567
-537
-544
-648
-740
-808
-873
-936
-1041
-1145
-1175
-1153
-1186
-1224
-1239
-1224
-1172
-1149
-1158
-1182
-1202
-1234
-1222
-1200
-1198
-1224
-1281
-1379
-1417
-1358
-1278
-1214
-1190
-1186
-1181
-1196
-1192
-1191
-1121
-1041
-990
-951
-956
-935
-898
-874
-864
-876
-773
-683
-569
-478
-376
-300
-223
-126
-35
66
83
158
269
343
426
492
556
598
586
564
610
669
737
844
888
870
868
884
890
970
1021
1101
1142
1146
1106
1084
1107
1134
1163
1161
1124
1131
1132
1120
1109
1123
1088
1023
941
894
861
815
807
761
668
554
513
372
318
329
352
346
317
316
276
253
288
337
369
358
294
198
140
156
78
-39
-92
-174
-226
-244
-276
-366
-436
-449
-435
-402
-383
-420
-430
-481
-533
-532
-574
-698
-769
-816
-867
-985
-1074
-1093
-1144
-1219
-1288
-1404
-1494
-1544
-1508
-1530
-1608
-1634
-1691
-1769
-1825
-1801
-1753
-1761
-1852
-1961
-2015
-1942
-1893
-1880
-1853
-1856
-1863
-1892
-1845
-1789
-1716
-1622
-1574
-1596
-1631
-1585
-1514
-1463
-1479
-1516
-1521
-1440
-1343
-1259
-1249
-1295
-1289
-1267
-1268
-1259
-1275
-1222
-1121
-1017
-934
-889
-832
-802
-753
-738
-684
-629
-517
-449
-415
-439
-473
-469
-405
-299
-216
-187
-165
-56
-21
-3
33
17
-7
32
161
306
428
475
458
383
358
301
248
186
167
124
91
38
-31
-107
-168
-255
-297
-317
-397
-397
-358
-306
-244
-212
-239
-247
-235
-269
-316
-318
-300
-333
-383
-401
-381
-345
-302
-273
-248
-218
-164
-54
-47
-47
-38
-62
-116
-113
-34
27
61
27
-37
-97
-112
-127
-121
-110
-139
-103
-100
-175
-278
-337
-340
-343
-393
-412
-436
-462
-496
-532
-544
-526
-468
-446
-473
-500
-522
-517
-485
-477
-487
-534
-569
-603
-669
-654
-606
-541
-492
-444
-464
-453
-391
-285
-214
-178
-146
-99
-6
69
181
239
288
345
427
522
603
616
666
662
619
582
528
528
503
548
590
667
704
701
692
672
688
767
837
888
893
824
780
719
740
841
898
948
940
892
877
840
879
902
886
804
789
850
823
741
650
636
669
709
721
718
711
690
584
472
454
404
426
455
402
301
195
170
160
152
108
28
-51
-147
-236
-299
-302
-281
-266
-308
-321
-367
-340
-266
-281
-275
-279
-284
-279
-263
-277
-255
-211
-244
-311
-388
-441
-450
-466
-509
-572
-595
-596
-599
-584
-604
-589
-563
-601
-660
-687
-706
-730
-702
-688
-639
-625
-601
-644
-715
-702
-646
-598
-598
-597
-598
-587
-627
-660
-648
-586
-551
-568
-592
-616
-579
-582
-601
-609
-635
-723
-760
-722
-641
-556
-488
-424
-444
-442
-467
-527
-586
-551
-447
-330
-220
-196
-201
-155
-107
-43
22
75
160
234
265
279
379
521
622
671
717
739
778
831
883
869
865
889
929
1012
1052
1103
1209
1270
1183
1053
919
826
835
840
796
797
762
703
639
639
598
544
519
538
522
451
370
336
313
278
262
198
190
113
113
106
54
53
36
44
27
-86
-151
-151
-237
-326
-412
-443
-531
-633
-687
-734
-759
-832
-935
-1066
-1175
-1254
-1323
-1324
-1329
-1396
-1500
-1562
-1618
-1647
-1592
-1529
-1569
-1646
-1671
-1714
-1817
-1902
-1968
-1976
-1976
-2027
-2052
-2077
-2039
-1976
-1997
-2014
-2098
-2185
-2272
-2304
-2256
-2209
-2216
-2284
-2283
-2278
-2223
-2221
-2243
-2284
-2300
-2340
-2359
-2324
-2265
-2194
-2154
-2109
-2033
-1920
-1784
-1660
-1603
-1636
-1657
-1582
-1469
-1374
-1272
-1163
-1020
-851
-694
-574
-538
-489
-426
-325
-202
-166
-185
-207
-195
-121
-17
85
124
179
213
223
222
188
214
196
195
216
239
259
264
247
229
222
255
266
223
127
-27
-116
-166
-156
-148
-200
-293
-390
-510
-639
-675
-594
-529
-525
-608
-679
-713
-635
-539
-441
-425
-424
-487
-600
-645
-639
-654
-639
-659
-715
-795
-763
-627
-503
-421
-346
-361
-371
-394
-345
-372
-404
-348
-397
-507
-495
-457
-407
-304
-261
-249
-265
-282
-283
-213
-159
-191
-266
-339
-346
-368
-339
-350
-404
-421
-488
-547
-562
-567
-536
-530
-576
-628
-680
-695
-677
-678
-673
-621
-558
-513
-429
-356
-325
-335
-344
-314
-249
-143
-61
-32
-49
-88
-52
18
83
148
183
226
295
346
338
317
338
347
413
485
543
541
551
521
504
497
546
639
718
679
593
594
694
759
659
541
501
547
640
666
653
665
707
785
883
1010
1024
969
921
854
725
606
557
579
601
540
528
547
573
579
557
545
512
430
359
356
407
393
341
295
218
219
218
213
233
199
174
272
404
471
454
392
219
58
-79
-126
-132
-121
-145
-101
-90
-170
-191
-173
-105
4
35
25
-38
-173
-375
-524
-583
-580
-625
-782
-904
-984
-1040
-1099
-1122
-1174
-1196
-1148
-1096
-1076
-1079
-1019
-1005
-1033
-1076
-1103
-1163
-1178
-1177
-1181
-1146
-1068
-1009
-954
-964
-925
-880
-849
-900
-894
-838
-840
-827
-754
-682
-607
-534
-536
-528
-424
-269
-118
-46
-10
-3
61
164
268
346
343
356
357
324
345
365
372
404
452
448
461
471
455
450
458
457
504
548
573
547
497
415
363
336
335
332
345
372
334
315
369
388
374
364
306
299
403
454
492
429
252
103
21
-3
-58
-141
-255
-341
-397
-399
-469
-603
-705
-754
-755
-781
-913
-1094
-1187
-1186
-1151
-1153
-1190
-1297
-1327
-1276
-1184
-1107
-1096
-1073
-1062
-974
-864
-772
-684
-662
-675
-736
-755
-646
-528
-422
-359
-391
-399
-407
-415
-456
-486
-519
-547
-562
-587
-625
-719
-790
-758
-735
-752
-802
-910
-1015
-1073
-1076
-1124
-1129
-1148
-1098
-1069
-1040
-1034
-1062
-1085
-1115
-1097
-1066
-1061
-1093
-1084
-1040
-972
-965
-997
-1006
-957
-930
-967
-982
-997
-900
-762
-673
-640
-612
-538
-440
-348
-296
-251
-289
-357
-332
-297
-209
-141
-95
-41
-45
-55
-12
70
125
182
189
165
167
183
204
226
256
287
364
428
432
522
600
637
620
570
529
521
546
529
534
551
553
619
675
670
698
721
756
801
769
703
664
660
621
547
503
449
408
432
398
308
252
209
172
150
73
1
-6
-21
-19
-4
-34
-117
-154
-151
-156
-183
-230
-257
-257
-215
-212
-269
-255
-251
-247
-234
-218
-200
-226
-258
-339
-453
-467
-504
-573
-723
-869
-991
-1118
-1257
-1328
-1427
-1483
-1527
-1552
-1514
-1452
-1396
-1339
-1334
-1366
-1399
-1371
-1350
-1341
-1386
-1448
-1475
-1432
-1388
-1397
-1381
-1333
-1332
-1313
-1242
-1171
-1113
-1065
-979
-953
-940
-901
-836
-785
-779
-743
-713
-745
-762
-825
-823
-796
-742
-721
-674
-612
-549
-536
-575
-589
-548
-491
-430
-363
-325
-284
-248
-200
-117
-51
21
78
142
207
268
312
316
397
428
498
520
504
496
539
603
654
691
682
637
605
639
637
653
623
544
485
469
549
646
675
621
574
588
637
653
594
501
401
318
254
167
107
83
41
-66
-175
-232
-285
-338
-431
-521
-533
-552
-494
-397
-410
-463
-506
-532
-556
-538
-488
-471
-453
-445
-473
-512
-512
-502
-550
-517
-557
-636
-645
-654
-635
-629
-688
-733
-756
-831
-862
-849
-851
-926
-979
-1046
-1131
-1202
-1173
-1175
-1267
-1340
-1375
-1360
-1340
-1290
-1274
-1302
-1329
-1332
-1339
-1281
-1213
-1231
-1211
-1199
-1207
-1209
-1169
-1085
-1073
-1059
-1000
-974
-999
-1032
-1013
-992
-934
-817
-720
-679
-666
-672
-678
-598
-419
-244
-152
-113
-75
-35
29
106
188
269
308
344
404
391
382
402
461
492
526
588
605
568
480
416
380
369
341
257
192
184
166
154
151
180
206
177
144
145
203
258
256
182
110
139
211
233
235
243
240
262
258
207
138
97
98
88
33
-63
-162
-288
-371
-379
-392
-479
-561
-660
-800
-894
-911
-910
-882
-871
-855
-905
-940
-920
-927
-917
-904
-945
-988
-1013
-1091
-1191
-1195
-1122
-1119
-1080
-1081
-1166
-1226
-1237
-1207
-1189
-1229
-1315
-1407
-1427
-1406
-1390
-1417
-1461
-1534
-1560
-1575
-1625
-1606
-1599
-1553
-1532
-1492
-1424
-1399
-1374
-1288
-1176
-1119
-1122
-1122
-1095
-1046
-991
-925
-905
-881
-865
-846
-837
-829
-801
-768
-749
-782
-817
-825
-763
-633
-496
-382
-340
-311
-310
-275
-207
-93
70
142
73
29
-7
-20
27
91
165
232
310
312
376
528
635
650
637
644
739
781
801
838
816
775
717
683
681
717
714
666
631
633
653
674
650
591
591
618
597
580
545
500
479
542
646
664
627
650
686
728
806
785
691
613
614
602
565
542
557
502
426
345
293
244
196
213
255
338
428
500
534
524
462
439
422
398
393
416
427
330
197
53
-42
-77
-47
-22
-136
-243
-253
-174
-162
-214
-311
-292
-239
-240
-333
-430
-443
-414
-443
-507
-585
-568
-527
-530
-552
-568
-608
-618
-649
-622
-592
-584
-527
-534
-586
-618
-613
-663
-697
-695
-713
-720
-715
-654
-643
-619
-574
-499
-486
-486
-442
-409
-352
-302
-309
-294
-244
-186
-163
-151
-135
-97
-62
-29
39
122
173
168
104
88
209
331
412
441
442
362
328
316
392
450
461
446
405
447
505
530
572
607
578
533
598
720
824
769
700
654
623
666
698
640
518
401
267
142
66
58
34
-82
-173
-236
-264
-284
-302
-351
-364
-350
-272
-202
-158
-162
-190
-169
-102
-40
-36
-92
-83
-8
56
89
141
133
69
18
13
21
-67
-175
-283
-371
-493
-520
-583
-672
-809
-885
-932
-989
-1055
-1109
-1151
-1195
-1237
-1261
-1235
-1258
-1290
-1259
-1255
-1229
-1156
-1138
-1201
-1284
-1371
-1431
-1454
-1394
-1327
-1232
-1193
-1142
-1123
-1124
-1151
-1128
-1090
-1045
-1005
-942
-885
-829
-794
-779
-758
-726
-705
-647
-556
-533
-545
-537
-492
-371
-323
-321
-369
-358
-320
-283
-237
-189
-175
-207
-231
-158
-28
91
121
40
-45
-58
22
93
179
256
329
356
389
425
478
541
562
574
577
525
462
495
490
480
502
520
510
509
463
430
442
462
396
319
292
266
204
126
100
88
46
-45
-141
-308
-416
-476
-534
-642
-756
-834
-881
-881
-848
-823
-804
-825
-852
-863
-823
-783
-728
-638
-635
-641
-696
-746
-815
-926
-1027
-1107
-1164
-1166
-1209
-1176
-1077
-991
-951
-965
-1000
-1040
-1069
-1132
-1212
-1263
-1342
-1403
-1457
-1512
-1534
-1481
-1433
-1425
-1435
-1444
-1440
-1401
-1334
-1333
-1348
-1332
-1305
-1263
-1180
-1081
-1099
-1161
-1178
-1149
-1089
-1027
-1041
-1002
-976
-971
-968
-889
-800
-760
-744
-799
-830
-766
-652
-559
-519
-534
-561
-535
-441
-353
-273
-210
-142
-148
-119
-61
-24
26
59
81
129
263
426
557
639
689
662
611
594
681
789
890
963
1072
1144
1192
1187
1129
1053
987
952
919
884
878
860
826
784
712
650
678
671
627
657
651
608
583
568
561
610
690
685
607
559
524
467
402
354
423
480
508
550
627
639
637
574
521
468
347
259
200
131
116
117
115
109
29
-50
-102
-143
-145
-126
-113
-210
-356
-463
-556
-659
-683
-716
-688
-666
-673
-597
-557
-585
-574
-511
-466
-473
-536
-640
-737
-788
-801
-845
-917
-962
-999
-1059
-1101
-1167
-1216
-1264
-1248
-1235
-1279
-1284
-1300
-1252
-1251
-1221
-1184
-1149
-1116
-1168
-1069
-960
-982
-978
-972
-927
-856
-726
-646
-604
-542
-527
-488
-436
-350
-306
-385
-395
-440
-473
-402
-272
-228
-192
-181
-126
-65
27
127
223
306
346
390
405
404
382
302
261
228
288
330
339
367
297
247
245
265
285
258
221
242
258
246
147
54
-26
-66
-144
-204
-253
-287
-263
-235
-291
-401
-424
-406
-397
-431
-413
-431
-522
-558
-509
-441
-365
-380
-462
-480
-484
-493
-521
-519
-549
-603
-608
-551
-518
-533
-442
-299
-123
-6
-15
-74
-174
-250
-229
-185
-198
-128
-76
-143
-194
-233
-240
-209
-191
-207
-263
-315
-354
-393
-400
-420
-389
-345
-303
-322
-348
-380
-400
-380
-377
-414
-487
-550
-591
-556
-528
-572
-609
-677
-774
-842
-899
-932
-965
-1022
-1088
-1038
-965
-942
-971
-981
-968
-991
-938
-863
-804
-783
-780
-823
-858
-823
-772
-668
-547
-446
-442
-436
-387
-293
-140
-11
77
144
217
346
415
438
425
473
564
653
679
671
680
656
617
643
727
796
870
925
901
910
881
799
728
700
752
840
879
929
839
754
688
714
727
742
705
666
671
721
721
723
755
699
679
654
649
615
574
557
568
517
467
435
392
286
190
84
43
40
-15
-129
-230
-296
-339
-360
-423
-450
-430
-403
-438
-520
-593
-669
-724
-738
-820
-937
-1008
-1037
-1083
-1176
-1290
-1372
-1469
-1540
-1655
-1745
-1793
-1845
-1887
-1908
-1938
-1939
-1960
-1983
-2019
-2065
-2058
-2043
-2024
-1981
-1982
-2001
-2010
-1970
-1931
-1895
-1812
-1768
-1781
-1754
-1782
-1756
-1650
-1528
-1432
-1425
-1464
-1456
-1420
-1339
-1289
-1261
-1245
-1218
-1151
-1139
-1154
-1112
-1043
-964
-908
-899
-895
-865
-790
-680
-625
-593
-545
-512
-483
-403
-327
-307
-308
-271
-260
-252
-209
-209
-235
-275
-315
-354
-371
-420
-470
-477
-430
-387
-374
-433
-460
-422
-364
-352
-386
-470
-530
-553
-527
-509
-521
-494
-439
-399
-453
-531
-560
-529
-413
-368
-300
-227
-164
-135
-152
-182
-195
-122
-2
95
205
323
400
475
524
552
612
651
683
770
756
791
790
782
693
566
483
354
246
208
187
121
43
-53
-209
-346
-394
-397
-350
-344
-431
-522
-621
-634
-636
-690
-700
-730
-783
-877
-873
-790
-714
-728
-751
-783
-802
-723
-643
-570
-586
-663
-732
-686
-622
-460
-384
-424
-427
-359
-299
-277
-277
-248
-222
-134
-62
-25
-30
-69
-33
-8
44
173
276
352
483
540
524
534
536
556
653
758
815
865
946
1001
1097
1134
1154
1139
1120
1197
1242
1272
1230
1138
1053
983
985
981
1021
1020
1058
1062
1103
1170
1154
1104
1003
934
934
959
1025
1034
909
764
698
686
690
755
741
695
642
658
736
723
604
433
300
195
144
63
-45
-47
-17
26
67
109
109
62
9
-91
-114
-50
44
102
111
85
73
74
60
21
-56
-128
-167
-176
-258
-357
-453
-552
-614
-654
-741
-862
-903
-890
-904
-948
-1042
-1075
-1041
-1064
-1145
-1200
-1242
-1297
-1348
-1418
-1395
-1325
-1275
-1317
-1389
-1428
-1381
-1285
-1285
-1335
-1389
-1358
-1301
-1253
-1200
-1183
-1158
-1110
-1056
-1030
-995
-1025
-996
-848
-762
-705
-696
-661
-596
-538
-484
-477
-465
-396
-285
-153
-115
-140
-181
-170
-142
-127
-103
-102
-103
-71
-7
58
106
136
177
127
120
175
251
317
348
359
393
427
523
573
613
599
574
624
654
683
660
701
755
751
728
739
776
789
799
828
787
742
698
624
504
470
448
450
510
535
533
474
429
350
230
157
159
186
129
41
-27
-53
-91
-154
-199
-218
-286
-340
-318
-340
-417
-465
-512
-525
-574
-646
-678
-731
-788
-831
-895
-1013
-1095
-1154
-1275
-1321
-1356
-1422
-1464
-1568
-1667
-1766
-1887
-2036
-2200
-2285
-2265
-2218
-2233
-2294
-2354
-2382
-2366
-2273
-2247
-2251
-2292
-2332
-2354
-2418
-2495
-2501
-2455
-2402
-2290
-2243
-2224
-2165
-2080
-2023
-1967
-1915
-1838
-1739
-1592
-1473
-1434
-1482
-1517
-1501
-1458
-1379
-1325
-1312
-1285
-1232
-1171
-1079
-974
-876
-775
-667
-555
-434
-349
-318
-295
-257
-229
-157
-99
-42
43
167
288
375
435
451
510
596
679
722
735
679
580
585
655
740
760
824
868
878
844
794
732
706
685
654
606
627
655
638
605
558
488
413
389
345
279
250
243
286
310
253
205
143
51
-87
-187
-175
-159
-195
-304
-388
-575
-748
-798
-781
-738
-715
-632
-530
-500
-521
-543
-534
-455
-425
-417
-376
-314
-256
-285
-312
-331
-330
-322
-339
-298
-303
-340
-354
-341
-331
-280
-251
-221
-247
-282
-272
-288
-315
-295
-314
-377
-422
-449
-437
-350
-235
-246
-293
-331
-359
-388
-438
-499
-581
-594
-464
-364
-346
-402
-439
-402
-368
-258
-180
-129
-154
-129
-81
8
116
170
203
236
307
393
522
613
656
710
666
655
631
674
731
776
724
706
724
762
777
798
801
773
689
624
598
642
706
733
726
676
653
587
481
422
418
485
570
667
717
623
521
466
487
549
618
689
685
697
666
587
486
395
374
349
328
290
232
204
241
240
202
55
-89
-84
-42
-61
33
11
-87
-144
-170
-133
-67
-48
-97
-90
44
129
168
206
204
130
29
-24
-2
-6
-84
-290
-535
-686
-737
-801
-841
-899
-941
-1040
-1140
-1172
-1193
-1230
-1251
-1263
-1280
-1344
-1333
-1302
-1314
-1386
-1487
-1434
-1331
-1268
-1294
-1352
-1403
-1336
-1245
-1197
-1200
-1161
-1078
-966
-871
-768
-766
-803
-816
-789
-686
-638
-631
-639
-654
-632
-600
-513
-454
-404
-340
-257
-148
-73
-68
-116
-151
-130
-70
62
211
329
385
347
310
337
428
490
517
529
542
583
586
568
661
733
717
619
551
563
641
732
841
906
952
982
958
929
966
956
916
876
770
672
657
674
END_PCM